[  PERIODOS BÁSICOS  ] (Total Domicílios|Grande Curitiba|30/05/2022|Live|Rat%|All)
0,68;6,31;0,00;0,38;0,30;9,51
0,30;6,01;0,00;0,38;0,30;9,07
0,30;6,01;0,00;0,38;0,30;9,07
0,30;6,45;0,00;0,38;0,30;9,51
0,30;6,45;0,00;0,38;0,30;9,51
0,30;6,45;0,00;0,38;0,30;9,51
0,30;6,45;0,00;0,38;0,30;9,51
0,30;6,45;0,00;0,38;0,30;9,51
0,30;6,45;0,00;0,38;0,30;9,51
0,30;6,93;0,00;0,38;0,30;9,81
0,30;6,93;0,00;0,38;0,30;9,81
0,30;6,69;0,00;0,38;0,30;10,05
0,30;6,69;0,00;0,38;0,30;10,05
0,30;6,69;0,00;0,38;0,30;10,32
0,30;6,69;0,00;0,38;0,30;10,32
0,54;6,69;0,00;0,38;0,30;10,92
0,54;6,99;0,00;0,38;0,30;11,22
0,54;6,99;0,00;0,38;0,30;11,22
0,54;7,36;0,00;0,38;0,30;11,59
0,54;7,36;0,00;0,38;0,30;11,59
0,54;7,04;0,00;0,58;0,30;11,47
0,54;7,42;0,00;0,58;0,30;11,86
0,54;7,42;0,00;0,58;0,30;11,86
0,54;7,42;0,00;0,58;0,30;11,86
0,54;7,42;0,00;0,58;0,30;11,86
0,93;7,40;0,00;0,58;0,30;11,84
0,93;6,94;0,00;0,58;0,30;11,37
0,93;7,21;0,00;0,58;0,30;11,37
0,93;7,21;0,00;0,58;0,30;11,37
0,54;7,58;0,00;0,58;0,30;11,43
0,54;7,31;0,00;0,96;0,30;11,53
0,54;7,30;0,00;1,23;0,30;11,53
0,30;7,30;0,00;1,23;0,30;12,32
0,30;7,30;0,00;1,23;0,30;11,93
0,30;7,60;0,00;1,23;0,30;11,93
0,30;7,60;0,00;1,23;0,30;11,93
0,30;8,08;0,00;1,23;0,30;12,41
0,30;7,71;0,00;1,71;0,60;12,89
0,30;7,32;0,00;2,08;0,60;12,50
0,30;7,32;0,00;2,08;0,60;12,50
0,30;7,32;0,00;2,08;0,60;12,50
0,30;7,32;0,00;2,08;0,60;12,50
0,30;7,02;0,00;2,08;0,60;12,50
0,30;7,02;0,00;2,08;0,60;12,50
0,30;7,02;0,00;1,71;0,97;12,50
0,30;7,02;0,00;1,71;0,97;12,50
0,30;7,42;0,00;1,71;0,60;12,50
0,30;7,42;0,00;1,71;0,60;12,50
0,30;7,42;0,00;1,71;0,60;12,50
0,30;7,81;0,00;1,71;0,60;12,89
0,30;7,37;0,00;1,71;0,60;12,45
0,30;7,37;0,00;1,71;0,60;12,45
0,30;7,13;0,00;1,71;0,60;12,45
0,30;6,76;0,00;1,71;0,60;12,08
0,30;7,43;0,00;1,71;0,60;12,47
0,30;7,43;0,00;1,71;0,87;12,75
0,30;7,43;0,00;1,71;0,87;12,75
0,30;7,43;0,00;1,71;0,87;13,03
0,30;7,43;0,00;1,71;0,87;13,03
0,67;7,06;0,00;1,51;0,87;12,83
0,67;7,33;0,00;1,51;0,60;12,83
0,67;7,06;0,00;1,51;0,87;12,83
0,67;7,06;0,00;1,51;1,31;12,83
0,67;7,06;0,00;1,78;1,04;12,83
0,67;7,03;0,00;1,78;1,04;13,19
0,67;7,03;0,00;2,22;0,60;12,80
0,67;7,30;0,00;1,95;0,60;12,80
0,67;7,42;0,00;1,51;1,04;13,19
0,67;6,41;0,00;2,49;1,04;13,19
0,67;6,80;0,00;2,49;1,04;13,58
0,67;6,80;0,00;2,49;1,04;13,87
0,67;7,07;0,00;2,22;0,60;13,14
0,67;6,80;0,00;2,22;0,87;13,14
0,67;6,80;0,00;2,87;0,99;14,63
0,67;7,24;0,00;2,87;0,60;14,63
0,67;7,24;0,00;2,87;0,60;14,63
0,67;7,58;0,00;2,87;0,60;14,63
0,67;7,58;0,00;3,22;0,60;14,98
0,67;7,58;0,00;3,22;0,60;14,98
0,67;7,58;0,00;3,22;0,60;14,98
0,67;7,88;0,00;3,22;0,60;14,98
0,67;7,88;0,00;3,22;0,60;14,98
0,67;7,85;0,00;3,33;0,60;14,79
0,67;7,16;0,00;3,63;0,60;14,44
0,67;7,50;0,00;3,63;0,60;14,72
0,67;8,06;0,00;3,70;0,60;15,07
0,67;8,43;0,00;3,70;0,60;15,44
0,67;9,05;0,00;3,43;0,60;15,44
0,67;9,05;0,00;2,69;1,33;15,44
0,67;8,36;0,00;3,31;1,68;16,08
0,67;8,36;0,00;3,31;1,68;16,08
0,67;8,70;0,00;3,31;1,68;16,42
0,67;9,44;0,00;3,31;1,68;16,79
0,67;9,44;0,00;3,31;1,68;16,79
0,67;9,26;0,00;3,04;1,68;16,35
0,67;9,26;0,00;3,04;1,68;16,35
0,67;8,88;0,00;3,38;0,94;15,96
0,67;9,25;0,00;3,38;1,29;16,33
0,67;9,25;0,00;3,38;1,29;16,33
0,67;9,25;0,00;3,01;1,29;16,33
0,30;9,25;0,00;3,01;1,29;15,96
0,30;9,25;0,00;3,01;1,29;15,96
0,30;8,82;0,00;3,01;1,29;15,53
0,30;9,25;0,00;3,01;1,29;15,96
0,30;9,25;0,00;3,01;1,29;15,96
0,30;9,25;0,00;3,39;1,29;16,33
0,30;8,51;0,00;3,75;1,29;16,33
0,67;8,88;0,00;3,37;1,29;17,05
0,67;8,61;0,00;3,37;1,56;17,93
0,67;8,61;0,00;3,37;1,56;17,68
0,67;8,91;0,00;3,37;1,26;18,43
0,67;8,54;0,00;3,37;1,26;18,05
0,67;7,96;0,00;3,37;1,61;17,47
0,67;7,96;0,00;3,37;1,61;17,47
0,67;7,92;0,00;3,37;1,91;17,43
0,67;7,92;0,00;3,00;1,56;16,39
0,67;8,49;0,00;3,00;1,56;16,39
0,67;8,49;0,00;3,00;1,56;16,39
0,30;8,49;0,00;3,38;1,56;16,39
0,30;8,12;0,00;3,38;1,56;16,02
0,57;8,12;0,00;3,38;0,94;15,68
0,57;8,50;0,00;3,00;0,64;15,62
0,57;8,23;0,00;3,00;0,64;15,35
0,57;8,23;0,00;3,04;0,99;15,35
0,57;7,63;0,00;3,41;0,99;15,52
0,57;7,63;0,00;3,41;0,99;15,77
0,57;7,63;0,00;3,41;0,99;15,77
0,95;7,63;0,00;3,38;0,64;15,77
0,95;7,33;0,00;3,38;0,64;15,47
1,33;6,98;0,00;3,00;0,99;15,47
1,33;6,58;0,00;3,00;0,99;15,07
1,33;7,34;0,00;2,72;0,64;15,56
1,33;7,69;0,00;2,72;0,64;15,56
1,33;7,69;0,00;2,72;0,64;15,56
1,68;7,69;0,00;2,38;0,64;15,85
1,68;7,69;0,00;2,38;0,99;16,19
1,68;7,69;0,00;2,38;0,99;16,19
1,68;7,99;0,00;2,38;0,99;16,49
1,68;7,99;0,00;2,38;0,99;16,72
1,68;8,08;0,00;2,38;0,99;16,81
1,68;8,42;0,00;2,38;0,99;17,15
1,68;8,76;0,00;2,38;1,37;18,17
1,68;8,76;0,00;2,38;1,37;18,17
1,68;8,76;0,00;2,38;1,37;18,17
2,05;7,99;0,00;2,38;1,37;18,13
2,05;7,99;0,00;2,38;1,61;18,37
2,05;8,23;0,00;2,38;1,37;18,37
2,05;8,47;0,00;2,38;1,37;18,37
2,05;8,47;0,00;2,75;1,37;19,46
2,08;8,40;0,00;2,75;1,37;19,46
1,41;8,40;0,00;2,75;1,74;19,08
1,41;7,72;0,00;2,75;2,08;18,74
1,41;6,98;0,00;2,75;2,08;18,37
1,78;6,98;0,00;2,75;2,08;19,12
1,78;6,98;0,00;2,75;2,08;19,12
1,78;6,98;0,00;2,75;2,08;19,12
1,40;7,35;0,00;3,14;2,08;19,47
1,67;7,04;0,00;3,14;2,08;19,16
1,29;6,69;0,00;2,80;2,08;18,81
1,29;6,69;0,00;3,15;1,73;18,81
1,29;7,39;0,00;2,80;1,73;19,18
1,29;7,39;0,00;2,43;1,73;19,18
1,29;7,65;0,00;2,43;1,73;19,06
0,94;8,03;0,00;2,77;1,35;19,33
0,94;8,04;0,00;2,40;1,35;18,96
0,94;8,04;0,00;2,40;1,35;18,96
1,32;8,52;0,00;2,56;1,35;20,29
1,32;8,52;0,00;2,56;1,35;20,65
0,94;8,29;0,00;2,94;1,00;20,07
0,94;8,29;0,00;2,94;1,00;20,37
0,94;8,64;0,00;2,94;1,00;20,73
0,94;8,64;0,00;2,56;1,00;20,73
0,94;8,64;0,00;2,88;1,00;21,04
0,94;8,64;0,00;2,88;1,00;20,60
0,94;8,64;0,00;2,88;1,00;20,60
0,94;8,64;0,00;2,88;1,00;20,60
0,94;8,64;0,00;2,88;1,00;20,60
0,94;8,99;0,00;2,88;1,00;19,75
0,94;9,38;0,00;3,59;1,00;20,60
0,57;9,75;0,00;3,97;1,00;20,60
0,57;9,75;0,00;3,97;1,00;20,60
0,57;9,40;0,00;3,97;1,00;20,25
0,57;9,40;0,39;3,58;1,00;20,25
0,57;9,40;0,39;3,58;1,00;20,25
0,57;9,40;0,39;3,58;1,00;20,25
0,57;9,70;0,39;3,58;1,00;20,55
0,57;8,87;0,39;3,94;1,00;20,07
0,57;8,87;0,39;3,94;1,00;20,07
0,57;8,87;0,39;3,56;1,00;19,69
0,57;8,87;0,39;3,56;1,00;19,69
0,57;8,87;0,39;3,94;1,00;20,07
0,57;8,57;0,39;3,94;1,00;20,07
0,57;8,92;0,00;4,32;1,00;20,46
0,57;8,92;0,00;4,32;1,00;20,46
0,57;8,92;0,00;4,32;1,00;20,46
0,57;9,30;0,00;3,94;1,00;20,85
0,57;9,69;0,00;3,95;1,00;20,88
0,57;9,69;0,00;3,95;1,00;20,86
0,57;9,39;0,00;3,95;1,48;21,34
0,57;9,39;0,00;3,95;1,48;21,34
0,57;8,66;0,00;3,95;2,21;20,86
0,57;7,85;0,00;4,38;2,21;20,86
0,57;7,85;0,00;4,38;2,21;21,13
0,57;7,85;0,00;4,38;2,21;20,76
0,57;7,61;0,00;4,38;2,21;20,76
0,57;7,61;0,00;4,38;2,21;21,24
0,57;7,61;0,00;4,38;2,21;21,61
0,57;7,61;0,00;4,65;2,21;21,61
0,57;7,61;0,00;4,65;2,21;21,61
0,57;7,61;0,00;4,65;2,21;21,98
0,57;7,61;0,00;4,38;2,21;21,71
0,57;7,13;0,00;4,86;2,21;21,34
0,57;7,99;0,00;4,38;1,83;21,71
0,57;7,99;0,00;4,38;2,10;21,99
0,57;7,99;0,00;4,38;2,10;21,99
0,57;7,99;0,00;4,38;2,10;21,99
0,57;7,99;0,00;4,38;2,10;21,99
0,57;7,99;0,00;4,01;2,10;21,61
0,57;7,99;0,00;4,01;2,10;21,61
0,57;7,60;0,00;4,01;2,10;21,61
0,57;7,60;0,00;4,01;2,10;21,61
0,57;7,62;0,00;4,01;2,10;20,52
0,57;7,62;0,00;4,01;2,10;20,87
0,57;7,92;0,00;4,01;2,10;20,87
0,57;7,62;0,00;4,01;2,10;20,87
0,57;7,62;0,00;4,01;2,10;20,87
0,57;7,62;0,00;4,01;1,63;20,14
0,57;7,27;0,00;4,49;1,63;20,28
0,57;7,62;0,00;4,49;1,63;20,63
0,57;7,99;0,00;4,49;1,63;21,46
0,57;8,26;0,00;4,11;2,25;22,35
0,57;8,26;0,00;4,11;2,25;22,35
0,57;8,26;0,00;4,11;2,25;21,98
0,57;8,63;0,00;4,11;2,25;22,72
0,57;8,25;0,00;4,11;2,25;22,61
0,57;7,88;0,00;4,48;2,63;22,60
0,57;7,88;0,00;4,75;2,63;22,87
0,57;8,02;0,00;4,75;2,63;23,26
0,57;8,26;0,00;4,75;2,63;23,53
0,57;7,88;0,00;5,13;2,63;23,53
0,81;7,64;0,00;4,84;2,63;23,15
0,81;7,29;0,00;5,19;2,63;23,15
0,81;6,63;0,00;5,58;2,63;22,53
0,81;6,63;0,39;5,53;2,63;22,53
0,81;6,33;0,39;5,53;2,93;22,53
0,81;5,98;0,39;5,53;2,93;22,53
0,81;5,98;0,39;5,37;3,64;23,08
0,57;5,98;0,39;5,37;3,64;23,08
0,99;5,98;0,39;5,37;2,87;23,08
0,99;5,98;0,39;5,37;2,87;23,08
0,99;5,98;0,39;4,99;2,87;22,84
0,99;5,98;0,39;5,37;2,87;22,84
0,57;5,98;0,39;5,80;2,87;22,84
0,57;5,98;0,39;5,80;2,87;22,82
0,57;5,98;0,39;5,41;2,87;23,09
0,57;6,33;0,39;5,45;2,87;23,09
0,57;6,33;0,39;5,45;2,87;23,09
0,57;6,33;0,39;5,45;2,87;23,34
0,57;5,69;0,39;5,45;2,87;22,71
0,57;5,34;0,39;5,45;3,22;22,71
0,57;5,34;0,39;5,11;3,22;22,71
0,57;5,34;0,39;5,11;3,22;23,06
0,57;5,71;0,39;4,74;3,22;22,66
0,57;5,71;0,39;4,74;3,22;22,66
0,57;5,71;0,39;4,74;3,22;22,66
0,57;5,71;0,39;4,74;3,22;22,66
0,57;6,06;0,39;4,74;2,87;23,14
0,57;6,06;0,39;4,74;2,87;23,14
0,57;6,06;0,39;4,74;2,87;23,44
0,57;6,49;0,39;4,35;2,87;23,87
0,57;6,73;0,39;4,35;2,87;23,87
0,57;7,10;0,39;4,74;2,87;23,87
0,57;7,10;0,76;4,74;2,49;23,87
0,57;7,10;0,76;4,31;2,49;23,87
0,57;7,10;0,76;3,92;2,49;23,87
0,57;7,10;0,76;4,31;2,14;23,52
0,57;7,44;0,76;4,31;2,14;24,23
0,57;7,44;0,76;4,74;2,14;23,75
0,57;7,10;0,76;5,07;1,77;23,75
0,57;7,40;0,76;5,07;1,48;23,75
0,57;7,10;0,76;5,37;1,48;24,09
0,57;7,49;0,76;5,37;1,48;24,72
0,57;7,49;0,76;5,37;1,77;25,02
0,57;7,49;0,76;5,37;1,77;25,49
0,57;7,10;0,76;5,37;2,16;25,49
0,57;7,10;0,76;5,37;2,16;25,49
0,57;7,10;0,76;5,37;2,16;25,49
0,57;7,10;0,76;5,37;2,16;25,49
0,57;7,10;0,76;5,37;2,16;25,49
0,57;7,10;0,76;5,37;2,16;25,49
0,89;7,10;0,76;5,37;2,16;25,82
0,89;7,10;0,76;5,37;2,16;26,17
1,28;7,38;0,38;5,37;2,16;26,37
0,89;7,38;0,38;5,76;1,91;26,37
0,89;7,38;0,38;5,49;2,25;26,79
0,89;7,49;0,38;5,49;2,25;27,18
0,89;7,49;0,38;5,49;2,77;27,45
0,89;7,49;0,38;5,49;2,77;27,45
0,89;7,42;0,38;5,19;2,77;27,46
1,37;7,42;0,38;4,71;3,14;27,36
1,37;7,42;0,38;4,71;3,14;27,36
1,13;7,66;0,38;4,71;3,14;27,36
1,13;7,31;0,38;4,71;3,14;26,74
1,13;7,31;0,38;4,98;2,88;26,74
1,13;6,94;0,38;5,35;2,88;26,47
1,13;7,21;0,38;5,35;2,60;26,38
1,13;7,21;0,38;5,35;2,60;26,38
1,13;7,21;0,38;5,35;2,60;26,38
0,81;7,21;0,38;5,35;2,60;26,38
0,81;7,21;0,38;4,96;2,60;26,38
0,81;7,19;0,38;4,59;2,60;26,38
1,07;7,19;0,38;4,59;2,60;26,38
1,07;7,19;0,38;4,59;2,60;26,38
0,80;7,19;0,38;4,59;2,60;26,04
0,80;7,19;0,38;4,59;2,60;26,04
0,80;6,88;0,38;4,59;2,60;26,41
0,80;6,88;0,38;4,59;2,87;26,95
1,15;7,31;0,38;4,59;2,87;28,33
1,15;7,58;0,38;4,33;2,87;28,06
1,15;7,58;0,38;4,33;2,87;28,06
1,15;7,58;0,38;4,33;2,87;28,33
1,15;7,58;0,38;4,33;2,87;28,33
1,15;7,58;0,38;4,33;2,87;28,33
1,15;7,93;0,38;4,33;3,14;28,03
1,15;7,93;0,38;4,33;3,57;28,46
1,15;7,63;0,38;4,63;3,30;28,49
1,15;7,36;0,38;4,90;3,30;29,15
1,15;6,93;0,38;4,90;3,30;28,72
1,15;6,93;0,38;4,90;3,30;28,72
1,15;6,93;0,38;4,90;3,30;29,06
1,15;6,58;0,38;4,90;3,67;28,69
1,15;6,58;0,38;4,47;4,10;28,40
1,15;6,88;0,38;4,77;4,18;29,17
1,15;6,88;0,38;4,77;4,18;29,17
1,15;6,88;0,38;4,77;4,18;28,93
1,15;6,44;0,38;4,77;4,18;28,49
1,15;6,44;0,38;4,77;4,18;28,49
1,15;6,87;0,38;4,77;4,18;29,26
1,15;8,11;0,38;4,77;3,80;29,79
1,15;8,11;0,38;5,06;3,80;30,06
1,15;8,10;0,38;5,74;3,80;30,36
1,15;7,66;0,38;6,01;4,17;30,26
1,15;7,66;0,00;6,01;4,55;29,99
1,15;8,14;0,00;6,01;4,55;30,20
1,15;7,71;0,00;6,01;4,25;30,04
1,15;7,71;0,00;6,01;4,54;30,33
1,15;7,13;0,00;6,49;5,02;30,70
1,15;7,43;0,00;6,87;4,27;30,73
1,15;7,43;0,00;6,90;4,91;31,68
1,15;7,81;0,00;6,90;4,91;32,05
1,15;8,48;0,00;6,52;4,91;32,69
0,91;9,15;0,00;6,52;4,81;32,69
0,91;9,11;0,00;6,87;4,47;32,66
1,15;8,87;0,00;6,87;4,84;33,34
1,15;9,18;0,00;6,87;4,84;33,64
0,91;9,18;0,00;6,87;4,84;33,64
0,91;9,86;0,00;6,87;4,49;33,98
0,91;10,53;0,00;7,25;4,49;34,35
0,91;10,83;0,00;7,25;4,49;34,65
0,64;11,37;0,00;7,25;4,88;35,04
0,64;11,37;0,00;6,81;5,32;35,31
0,64;11,37;0,00;6,81;5,32;35,10
0,30;11,96;0,00;6,81;5,32;35,10
0,30;11,96;0,00;6,81;5,32;36,05
0,30;12,52;0,00;6,81;5,32;35,75
0,30;11,85;0,00;7,48;5,32;35,75
0,30;12,15;0,00;7,18;5,32;35,67
0,30;12,15;0,00;7,18;5,32;35,82
0,30;12,85;0,00;7,18;4,89;36,09
0,30;12,85;0,00;7,18;5,23;36,43
0,30;12,85;0,00;7,18;5,50;36,70
0,30;12,75;0,00;7,45;5,21;36,58
0,30;13,08;0,00;7,45;5,50;37,11
0,30;13,45;0,00;7,82;5,50;38,21
0,30;13,45;0,00;8,17;5,50;38,21
0,30;13,89;0,00;7,80;5,50;38,38
0,64;13,97;0,00;6,73;5,50;38,76
0,64;13,97;0,00;6,73;5,89;38,89
0,64;13,62;0,00;6,73;6,25;38,89
0,30;13,46;0,00;7,07;6,68;39,23
0,30;13,52;0,00;7,46;6,32;39,69
0,74;12,71;0,00;7,44;6,36;39,87
1,13;12,71;0,00;7,44;6,36;40,27
1,13;12,71;0,00;7,28;6,73;40,47
1,13;13,46;0,00;6,90;6,73;40,74
1,13;13,74;0,00;6,90;6,73;41,03
1,13;14,52;0,00;6,90;6,73;41,54
1,13;13,96;0,00;7,25;6,73;42,16
1,13;14,65;0,00;7,31;6,73;43,29
0,69;14,65;0,00;7,31;7,02;42,85
0,69;14,65;0,00;7,70;7,40;43,53
0,69;14,92;0,00;6,98;7,40;43,18
0,69;16,10;0,00;6,67;7,00;43,26
0,69;16,10;0,00;7,01;6,66;42,39
0,69;16,10;0,00;7,01;6,37;42,37
0,69;16,10;0,00;7,38;6,00;42,37
1,13;16,10;0,00;7,38;6,00;42,81
1,13;16,75;0,00;7,38;6,00;43,12
0,69;17,44;0,00;7,38;6,00;43,43
0,69;17,75;0,00;7,38;5,28;42,74
0,69;18,09;0,00;7,38;5,28;42,81
0,69;18,57;0,00;7,38;5,28;43,08
0,69;18,57;0,00;7,38;5,56;43,99
0,69;18,60;0,00;7,38;5,56;44,02
0,69;18,23;0,00;7,38;5,93;43,73
0,69;18,24;0,00;7,38;6,29;43,62
0,69;18,05;0,00;7,45;6,29;43,62
0,69;18,77;0,00;7,45;6,29;43,97
0,69;19,04;0,00;7,45;6,01;44,33
0,69;19,32;0,00;7,45;6,36;44,90
0,69;19,91;0,00;6,64;6,80;44,69
0,69;19,91;0,00;6,64;6,80;45,13
0,69;19,91;0,00;6,37;6,80;44,85
0,69;19,91;0,00;6,07;6,80;44,54
0,69;20,35;0,00;6,37;6,36;44,54
0,69;20,08;0,00;6,37;6,36;44,54
0,69;19,85;0,00;6,37;6,36;44,06
0,93;19,85;0,00;6,37;6,36;44,06
0,69;18,54;0,00;6,37;6,36;42,87
0,93;18,23;0,00;6,37;6,36;42,60
0,93;18,54;0,00;6,37;6,36;42,26
0,30;18,73;0,00;6,37;6,76;41,98
0,30;19,00;0,00;6,75;7,14;42,63
0,30;19,35;0,00;6,72;7,14;43,30
0,30;19,73;0,00;6,34;7,14;43,30
0,30;19,73;0,00;6,34;7,14;43,30
0,30;19,73;0,00;6,34;7,14;43,30
0,30;20,00;0,00;5,72;7,51;43,67
0,30;19,73;0,00;5,72;7,51;43,40
0,96;17,70;0,00;5,68;7,86;43,68
0,96;16,09;0,00;6,42;8,73;43,68
0,96;15,45;0,00;7,06;8,73;44,12
1,39;14,75;0,00;7,43;8,57;44,09
1,39;14,75;0,00;7,05;8,95;43,71
1,39;14,59;0,00;7,05;9,25;43,36
1,39;14,59;0,00;7,05;9,25;42,62
1,39;14,59;0,00;7,43;9,25;43,30
1,39;14,34;0,00;7,34;8,95;43,30
1,39;14,34;0,00;7,72;8,57;42,96
1,39;14,04;0,00;7,72;8,57;42,66
1,39;13,38;0,00;7,45;8,92;42,36
1,39;13,65;0,00;6,76;8,92;41,98
1,39;14,29;0,00;6,39;8,66;41,67
1,39;14,37;0,00;6,70;8,66;42,28
1,39;14,28;0,00;7,07;8,31;42,28
1,39;14,28;0,00;7,45;8,31;42,66
1,39;13,28;0,00;7,42;8,31;41,88
1,39;12,91;0,00;7,42;7,83;41,51
1,39;12,56;0,00;7,42;7,83;41,51
1,39;12,56;0,00;7,42;7,83;41,51
1,09;12,90;0,00;7,38;7,83;41,88
1,09;13,38;0,00;7,38;7,83;41,88
1,09;13,38;0,00;7,38;8,11;42,17
1,09;13,75;0,00;7,38;8,11;42,17
1,09;13,40;0,00;7,38;7,72;41,43
1,09;13,10;0,00;7,38;7,72;41,43
1,09;13,74;0,00;7,41;7,72;42,10
0,73;13,74;0,00;6,81;8,02;41,73
0,73;13,74;0,00;6,81;8,02;41,73
0,73;13,68;0,00;6,81;7,72;42,12
0,73;13,95;0,00;6,81;7,06;41,83
0,73;14,90;0,00;6,81;7,36;41,83
0,30;16,11;0,00;6,81;7,36;42,58
0,30;15,84;0,00;7,08;7,36;42,58
0,30;16,22;0,00;7,08;7,36;42,58
0,30;16,22;0,00;7,08;6,92;42,14
0,30;16,85;0,00;6,81;6,92;42,49
0,30;16,37;0,00;7,29;6,92;42,49
0,30;16,02;0,00;6,97;7,23;42,45
0,30;16,02;0,00;6,97;7,23;42,45
0,30;16,02;0,00;6,97;7,61;42,48
0,30;16,32;0,00;6,97;7,61;42,48
0,30;16,67;0,00;6,97;7,61;42,48
0,30;16,67;0,00;7,29;7,29;42,48
0,30;16,67;0,00;7,29;7,29;42,48
0,30;16,19;0,00;7,29;7,29;42,78
0,30;15,76;0,00;7,29;7,29;42,35
0,30;15,76;0,00;7,29;7,29;42,35
0,30;15,81;0,00;7,29;6,86;42,04
0,65;14,68;0,00;6,81;6,86;41,08
0,65;14,68;0,00;6,81;7,23;41,08
0,65;14,11;0,00;6,81;7,23;41,08
0,65;14,47;0,00;6,44;7,57;41,15
0,30;14,06;0,00;6,13;7,57;41,16
0,30;14,70;0,00;6,13;7,57;40,81
0,30;14,35;0,00;6,13;7,54;40,44
0,30;14,05;0,00;6,13;7,16;40,78
0,30;14,05;0,00;6,13;7,16;40,78
0,30;14,42;0,00;6,07;7,16;41,09
0,30;14,42;0,00;6,07;7,16;41,09
0,30;14,42;0,00;6,07;7,16;41,09
0,30;14,42;0,00;6,07;7,16;41,36
0,30;15,15;0,00;6,07;7,16;41,36
0,30;15,15;0,00;5,76;7,47;41,36
0,30;14,57;0,00;5,76;7,47;41,02
0,30;14,82;0,00;5,76;7,22;41,02
0,30;15,09;0,00;5,38;7,60;40,58
0,30;14,82;0,00;5,76;7,60;41,03
0,30;14,55;0,00;6,14;7,87;41,42
0,30;15,27;0,00;6,14;7,22;40,77
0,30;15,74;0,00;5,76;6,75;40,47
0,30;15,04;0,00;5,76;6,75;39,76
0,30;15,42;0,00;5,77;6,04;40,07
0,30;15,42;0,00;5,77;6,04;40,07
0,30;16,11;0,00;5,15;6,08;40,07
0,30;16,49;0,00;5,15;5,70;40,07
0,30;16,14;0,00;5,25;5,70;39,82
0,66;16,14;0,00;5,25;6,08;40,57
0,66;16,43;0,00;4,91;5,80;40,57
0,66;15,76;0,00;5,25;5,80;40,20
0,66;15,76;0,00;5,25;6,09;40,51
0,66;16,06;0,00;5,25;5,80;40,47
0,66;16,81;0,00;5,25;5,50;40,47
1,04;17,19;0,00;4,88;5,11;40,43
1,31;17,23;0,00;4,49;4,77;40,15
1,31;16,76;0,00;4,49;4,77;40,15
1,31;16,19;0,00;4,49;4,77;40,15
1,31;16,19;0,00;4,49;4,48;40,08
1,31;15,89;0,00;4,49;4,48;40,08
1,31;16,76;0,00;4,19;4,48;40,35
0,93;16,76;0,00;4,19;4,48;39,71
0,93;17,03;0,00;4,19;3,87;39,39
1,31;17,03;0,00;3,81;4,17;39,94
1,31;17,13;0,00;3,81;4,44;39,94
1,65;14,39;0,00;3,81;4,44;38,39
1,27;14,66;0,00;4,19;4,17;38,09
1,31;14,28;0,00;3,81;4,51;37,71
0,94;13,92;0,00;3,79;4,89;37,50
0,30;14,57;0,00;4,17;4,89;37,58
0,30;14,94;0,00;4,17;4,89;37,95
0,30;15,42;0,00;4,17;4,89;38,43
0,30;15,39;0,00;4,17;4,55;38,73
0,30;15,39;0,00;4,65;4,55;38,73
0,67;15,39;0,00;3,93;4,89;38,75
0,67;15,69;0,00;3,93;4,89;38,45
0,30;15,99;0,00;3,82;4,89;38,45
0,67;16,24;0,00;3,45;4,89;38,45
0,67;16,24;0,00;3,45;4,89;38,45
0,67;16,24;0,00;3,45;4,89;38,45
1,02;15,86;0,00;3,79;4,89;38,41
1,02;16,23;0,00;3,79;4,89;38,41
1,02;16,58;0,00;3,79;4,54;38,68
0,67;16,93;0,00;3,79;4,54;38,68
0,67;16,93;0,00;3,79;4,54;38,68
0,67;16,67;0,00;3,42;4,83;38,68
0,67;16,67;0,00;3,42;4,83;38,68
0,67;16,36;0,00;3,42;4,83;38,38
0,67;16,71;0,00;3,42;4,83;38,72
0,30;16,37;0,00;3,79;5,13;39,02
0,67;16,74;0,00;3,42;4,76;39,02
1,04;16,37;0,00;3,42;4,76;39,02
1,04;16,37;0,00;3,42;4,76;39,02
1,04;16,37;0,00;3,69;4,76;39,29
1,04;16,85;0,00;3,69;4,38;39,78
1,04;16,85;0,00;3,69;4,38;40,70
1,04;16,51;0,34;3,35;4,38;40,70
1,04;16,51;0,34;3,35;4,38;40,70
1,04;15,77;0,34;3,35;4,76;40,70
1,04;15,35;0,34;3,35;4,76;40,70
1,04;15,05;0,34;3,35;4,76;40,40
1,04;15,05;0,34;3,35;4,76;40,45
1,04;15,35;0,34;3,35;5,03;40,75
1,34;15,00;0,34;2,94;5,31;40,58
1,34;15,35;0,34;2,94;5,32;41,06
1,34;15,08;0,34;2,94;5,59;41,06
1,34;15,08;0,34;2,94;5,59;40,72
1,34;15,08;0,34;2,94;5,24;40,72
1,68;15,11;0,34;2,56;5,24;40,72
1,68;14,68;0,34;2,56;5,24;40,29
1,68;14,98;0,34;2,56;5,24;40,88
1,68;14,98;0,34;2,56;5,24;40,88
1,68;14,98;0,34;2,56;5,24;40,40
1,68;14,98;0,34;2,56;5,24;40,66
1,68;13,51;0,34;2,30;5,24;39,27
2,06;12,19;0,34;2,57;5,24;38,79
1,68;11,56;0,34;2,57;5,22;38,11
1,68;12,43;0,34;2,57;5,22;38,50
1,68;12,43;0,34;2,57;4,88;37,84
1,68;12,45;0,34;2,57;4,88;38,22
1,31;12,82;0,34;2,57;4,88;38,22
1,31;12,82;0,34;2,57;4,88;38,22
1,31;12,82;0,34;1,90;4,88;37,56
1,31;12,44;0,34;1,90;4,88;37,17
1,31;12,99;0,34;1,63;5,22;37,97
1,31;12,99;0,34;1,63;5,22;38,28
1,31;13,37;0,34;1,63;4,93;39,00
1,31;13,66;0,34;1,63;4,93;38,99
1,31;13,90;0,34;1,63;4,93;38,65
1,31;13,28;0,34;1,63;4,93;38,32
1,31;13,28;0,34;1,63;4,93;38,32
1,31;12,27;0,34;1,63;4,93;38,32
1,31;12,75;0,34;1,63;4,99;38,76
1,31;12,76;0,34;1,63;5,65;38,76
1,31;12,38;0,61;1,63;5,65;38,72
1,31;12,38;0,61;1,63;5,65;38,72
1,31;12,61;0,61;1,63;5,65;38,45
0,97;12,61;0,34;1,63;5,28;38,10
0,97;13,28;0,34;1,63;4,97;39,55
0,97;12,90;0,34;1,63;4,97;38,45
0,97;12,90;0,34;1,63;5,34;39,23
0,97;12,86;0,34;1,63;5,34;38,81
0,97;13,48;0,34;1,63;5,34;39,43
0,60;13,48;0,34;1,63;5,36;38,95
0,60;13,48;0,34;1,98;5,36;38,95
0,60;13,66;0,34;1,27;5,36;38,57
0,60;14,05;0,34;1,27;5,36;38,95
0,94;13,41;0,34;1,33;5,79;39,08
0,94;13,75;0,34;1,33;5,79;39,02
0,94;13,37;0,34;1,33;5,79;39,02
0,94;12,89;0,34;1,33;5,79;38,40
1,31;13,13;0,34;1,33;5,42;38,64
1,31;13,13;0,34;1,33;5,42;38,64
1,31;12,93;0,34;1,33;5,42;38,58
1,31;13,54;0,34;1,33;5,42;38,90
1,31;13,14;0,34;1,33;5,79;38,90
1,31;13,20;0,34;1,33;5,79;38,90
1,31;13,12;0,34;1,33;5,79;38,90
1,31;13,15;0,34;1,33;5,79;38,60
1,31;13,15;0,64;1,33;5,47;39,19
1,31;13,15;0,64;1,33;5,47;39,19
1,31;13,15;0,34;1,33;5,85;39,58
1,31;13,49;0,34;1,33;5,85;39,92
1,31;13,86;0,34;1,33;5,85;40,29
1,31;13,91;0,34;1,33;5,85;40,33
1,65;13,91;0,34;1,33;5,85;40,67
1,65;13,56;0,34;1,33;5,47;40,28
1,65;13,51;0,34;1,33;5,47;39,90
1,65;13,27;0,34;1,33;6,20;40,28
1,65;13,75;0,34;1,33;6,20;40,38
1,65;13,75;0,34;1,33;6,20;40,01
1,65;14,14;0,34;1,33;6,20;40,12
1,65;13,45;0,34;1,33;6,20;39,81
1,65;13,49;0,34;1,33;6,20;40,12
1,65;13,84;0,34;1,33;6,20;40,12
2,02;13,18;0,34;1,33;5,84;39,44
2,02;13,18;0,34;1,33;5,84;39,44
2,40;13,18;0,34;1,33;5,84;39,81
2,40;13,45;0,34;1,33;5,84;40,11
2,40;13,07;0,34;1,70;5,84;39,50
2,40;13,07;0,00;1,70;5,84;39,16
2,40;13,02;0,00;1,70;6,12;39,16
2,40;13,39;0,00;1,70;6,12;39,40
2,40;13,74;0,00;1,70;6,12;38,84
2,02;13,50;0,00;2,00;6,12;38,32
1,65;12,91;0,00;2,36;6,12;38,56
1,65;13,15;0,00;2,36;6,46;39,14
1,65;12,78;0,00;2,67;6,76;38,85
1,65;12,78;0,00;2,67;6,76;38,74
1,65;12,54;0,00;3,10;6,76;39,73
2,63;12,54;0,00;2,50;6,38;40,49
3,07;12,78;0,00;2,06;6,38;40,59
3,07;12,45;0,00;2,39;6,38;40,21
3,07;12,75;0,00;2,39;6,38;40,92
3,34;12,75;0,00;2,39;6,38;40,92
2,96;12,64;0,00;2,39;6,38;40,44
2,96;12,27;0,00;2,02;6,38;40,14
3,34;12,66;0,00;2,02;6,38;40,17
3,07;12,66;0,00;2,02;6,38;39,57
3,07;12,91;0,00;2,87;6,35;40,32
3,07;13,25;0,00;2,87;6,01;40,70
2,69;13,25;0,00;2,87;6,01;40,71
2,69;13,33;0,00;2,87;6,01;40,54
2,69;12,68;0,00;3,26;6,57;40,84
2,96;12,31;0,00;3,92;6,02;41,21
3,11;11,55;0,00;4,22;6,02;41,51
2,68;12,12;0,00;4,65;6,02;41,78
2,68;12,49;0,00;4,65;5,65;41,08
2,68;12,49;0,00;4,65;5,65;41,46
2,68;12,49;0,00;4,92;5,65;41,46
2,68;12,49;0,00;4,92;5,65;41,46
2,68;12,49;0,00;4,92;5,65;41,46
2,68;12,49;0,00;4,92;5,65;41,89
3,15;12,49;0,00;4,10;5,99;41,89
3,46;12,49;0,00;3,83;5,99;41,89
3,46;12,49;0,00;3,83;5,99;41,89
3,46;12,49;0,00;3,83;5,99;41,50
3,46;12,25;0,00;4,57;5,99;41,50
3,46;12,25;0,00;4,57;5,99;41,50
3,68;12,25;0,00;4,57;5,99;41,73
3,67;12,25;0,00;4,94;5,99;42,10
3,67;12,65;0,00;4,94;5,99;42,10
3,67;12,65;0,00;4,85;5,99;42,10
4,05;12,65;0,00;4,85;5,99;42,48
4,32;13,01;0,00;4,21;5,99;42,48
4,32;13,01;0,00;4,21;5,99;42,18
4,32;13,01;0,00;4,48;5,99;42,75
4,32;13,01;0,00;4,48;5,99;43,09
5,05;12,66;0,00;4,10;6,37;42,85
5,05;13,05;0,00;4,10;7,07;43,95
5,49;12,68;0,00;3,80;7,07;45,11
5,49;12,68;0,00;4,11;6,76;45,59
5,49;12,68;0,00;4,11;6,83;46,03
5,15;12,98;0,00;3,74;6,83;45,69
4,34;13,62;0,00;4,02;6,46;45,96
3,97;13,62;0,00;4,69;6,46;45,96
4,01;13,62;0,00;4,42;6,46;45,95
4,01;14,01;0,00;4,72;6,46;45,71
4,09;14,01;0,00;4,72;6,46;46,06
4,09;13,65;0,00;4,72;6,46;46,25
4,46;13,65;0,00;4,42;6,46;45,95
4,46;13,65;0,00;4,42;6,46;46,43
4,46;14,70;0,00;4,42;6,46;47,25
4,46;14,70;0,00;4,42;6,46;47,59
4,57;15,07;0,00;4,69;6,46;47,21
4,57;15,07;0,00;4,69;6,46;46,86
4,57;15,82;0,00;4,69;6,09;47,20
4,29;15,82;0,00;4,96;6,09;48,01
4,19;15,44;0,00;5,07;6,35;48,58
4,90;15,71;0,00;4,70;5,79;48,69
4,90;15,71;0,00;4,99;5,79;48,99
4,90;15,71;0,00;4,99;5,79;48,99
4,90;15,71;0,00;4,99;5,79;48,99
4,96;15,41;0,00;4,93;5,79;48,25
5,26;15,41;0,00;4,65;5,79;48,28
5,26;16,04;0,00;4,37;5,79;48,93
4,96;16,41;0,00;4,37;5,79;48,93
4,96;17,20;0,00;4,64;5,79;50,26
4,96;17,55;0,00;4,64;5,17;50,56
4,69;17,90;0,00;4,64;5,17;51,16
4,69;17,17;0,00;4,98;5,17;51,46
4,99;17,11;0,00;5,28;5,17;51,81
4,69;16,60;0,37;5,58;5,65;52,56
4,69;16,60;0,37;5,28;5,65;52,46
4,69;16,60;0,37;5,28;5,65;52,99
3,95;16,60;0,37;6,02;5,65;53,10
3,61;16,60;0,37;5,63;5,65;53,10
3,61;16,60;0,37;5,33;5,65;53,10
3,61;16,60;0,37;5,33;5,65;53,54
3,61;16,60;0,37;5,33;5,65;53,54
3,61;16,20;0,37;5,33;5,65;53,23
3,26;16,20;0,64;5,68;5,65;53,53
3,26;16,20;0,94;5,68;5,65;53,53
3,26;16,50;0,94;5,68;5,65;53,83
3,26;16,50;0,94;5,68;5,65;53,83
3,26;16,50;0,94;5,68;5,65;54,56
3,56;17,51;0,64;6,07;5,65;55,26
3,26;17,51;0,64;6,70;5,65;55,59
3,26;17,51;0,37;7,09;5,65;55,59
2,79;17,51;0,37;7,64;5,65;55,63
2,41;18,87;0,37;7,37;5,65;56,01
2,71;19,53;0,37;6,76;5,65;56,87
2,71;19,05;0,37;6,76;5,65;56,91
2,71;19,43;0,37;6,69;5,65;57,06
2,41;19,43;0,37;6,99;5,65;57,06
2,41;19,70;0,37;6,99;5,65;57,33
3,03;20,48;0,64;6,71;5,65;57,03
2,71;19,89;0,64;7,33;5,93;56,66
2,71;19,89;0,37;7,33;5,93;56,66
1,22;19,47;0,37;8,11;5,45;56,25
1,22;19,47;0,37;7,81;5,83;56,55
1,22;19,47;0,67;7,51;5,83;56,52
1,22;19,47;1,01;7,51;5,83;56,57
0,87;20,22;1,28;7,82;5,83;57,28
0,87;21,11;1,28;7,82;5,83;57,93
1,17;21,11;1,28;7,82;5,83;57,93
1,17;20,41;1,28;7,82;5,83;57,60
1,89;20,75;1,28;7,82;5,45;57,76
1,89;21,06;1,28;7,82;5,45;58,07
1,89;21,44;1,28;7,82;5,45;58,45
1,82;21,22;1,28;8,20;5,45;58,43
1,82;21,22;1,28;8,20;5,45;58,43
1,82;21,22;0,98;8,11;5,45;58,43
1,82;21,65;0,71;8,50;5,45;58,38
1,82;21,65;0,98;8,50;5,45;58,12
2,20;21,57;0,98;8,50;5,45;58,52
1,90;21,57;0,98;8,50;5,45;58,79
1,90;21,92;0,98;8,50;5,45;59,13
1,82;21,71;0,98;8,50;5,45;59,53
1,82;22,31;0,98;8,50;5,45;60,17
1,82;22,31;1,32;8,50;5,45;60,13
1,82;22,31;1,32;8,50;5,45;60,13
2,51;21,94;1,32;9,35;5,45;60,52
2,72;21,70;1,32;9,35;5,45;60,27
2,33;22,06;1,32;8,98;5,45;60,27
2,33;22,06;1,32;8,61;5,45;60,54
2,66;22,33;1,32;8,61;5,45;61,11
2,66;22,40;1,32;8,61;5,45;61,03
2,33;22,73;1,32;8,61;5,45;60,76
2,33;22,88;1,32;8,61;5,45;61,50
2,33;23,59;1,32;8,17;5,45;61,78
2,68;23,51;1,32;8,17;5,45;62,07
2,68;23,27;1,32;8,18;5,45;62,07
2,68;23,27;1,32;8,18;5,45;62,07
2,68;23,27;1,32;8,18;5,45;62,07
2,68;23,62;1,32;8,18;5,45;61,72
2,68;23,59;1,32;8,55;5,45;61,37
2,68;23,59;1,32;8,55;5,45;61,11
2,68;23,97;1,05;8,82;5,45;61,49
2,68;23,55;0,68;9,49;5,45;61,10
2,68;23,55;0,95;8,83;5,45;61,10
2,68;24,62;0,95;9,22;5,01;61,10
3,05;24,25;0,95;9,59;4,75;61,10
2,38;24,93;0,68;9,59;4,75;61,78
2,81;25,14;0,68;9,59;4,75;62,16
2,81;25,14;0,68;9,97;4,32;61,73
2,81;25,14;0,68;9,97;4,32;61,73
2,81;24,71;0,68;9,97;4,75;61,73
2,81;25,08;0,68;9,61;4,75;61,73
2,81;24,65;0,68;10,04;5,18;62,16
2,81;24,92;0,68;10,04;5,18;61,79
2,81;25,22;0,68;9,74;5,18;61,79
3,25;25,97;0,68;7,93;5,79;61,93
3,25;26,00;0,68;7,64;6,08;61,59
2,82;27,37;0,68;7,64;5,81;62,69
2,82;27,08;0,68;7,64;5,81;62,31
2,82;26,35;0,68;7,94;5,81;62,31
2,82;26,85;0,68;8,21;5,37;61,96
2,55;26,34;0,95;8,64;5,32;62,07
2,55;26,79;0,95;7,96;5,32;61,70
2,98;27,06;0,68;7,53;5,69;62,93
2,98;26,69;0,68;7,83;5,69;62,69
2,98;24,71;0,68;8,18;5,69;61,54
3,25;23,28;0,68;7,88;5,99;61,82
3,25;23,58;0,68;8,18;5,99;62,11
2,98;23,92;0,95;7,88;5,99;62,76
2,98;24,22;0,95;7,88;5,99;62,76
2,98;23,93;0,95;7,88;5,99;62,46
2,98;24,40;0,95;7,88;5,99;63,24
2,98;24,78;0,95;7,88;6,29;62,98
2,98;24,51;0,95;7,55;6,29;62,96
3,28;25,11;0,95;7,28;5,99;62,96
3,28;25,11;0,95;6,59;5,99;62,96
3,28;24,67;0,95;6,59;6,43;62,96
3,28;24,33;0,95;6,59;6,43;62,62
2,68;25,16;0,95;6,50;6,43;62,71
2,68;25,12;0,95;6,50;6,15;63,01
2,98;25,14;0,95;5,77;6,55;63,01
2,98;25,14;0,95;5,77;6,55;63,01
2,98;24,79;0,95;5,77;6,55;62,66
2,98;24,77;0,95;5,77;6,55;62,64
2,98;24,56;0,68;6,29;6,55;62,77
2,67;24,56;0,68;6,61;6,93;62,40
2,94;24,89;0,68;6,34;6,59;62,40
3,31;24,89;0,68;6,34;6,21;62,40
2,94;24,89;0,68;6,34;6,21;62,77
3,04;25,63;0,68;5,99;6,21;62,77
3,04;25,26;0,95;5,99;6,21;62,77
3,04;25,90;0,95;5,99;6,21;63,04
2,67;26,28;0,95;6,29;6,21;63,06
2,67;26,28;0,68;6,67;5,83;63,41
2,24;25,21;0,98;6,37;6,26;63,41
2,24;25,43;0,98;6,83;6,26;63,41
2,62;25,17;0,98;6,83;6,26;63,41
2,24;25,29;0,98;6,83;6,99;63,16
2,24;24,91;0,98;6,83;6,27;63,04
2,24;25,29;0,98;6,83;6,27;63,04
2,24;25,63;0,64;6,83;6,27;63,04
2,24;25,93;0,64;6,83;6,27;63,04
2,24;25,93;0,30;6,83;6,27;63,04
3,28;25,93;0,30;6,45;6,27;63,37
3,28;25,55;0,30;6,45;6,27;63,37
2,90;25,90;0,30;6,13;7,24;63,72
2,24;26,59;0,30;6,13;7,21;63,76
2,67;26,24;0,30;6,13;6,51;63,20
3,00;25,52;0,30;6,50;6,51;63,55
3,00;25,52;0,30;6,12;6,13;63,55
2,58;24,88;0,30;6,84;6,13;63,85
2,95;25,17;0,30;6,47;5,83;63,50
3,34;25,81;0,30;6,74;5,83;64,11
2,58;25,81;0,30;6,74;6,59;64,11
2,24;26,62;0,30;6,31;6,59;64,46
2,67;26,89;0,30;5,61;6,59;64,11
2,67;26,89;0,30;5,99;6,21;64,55
2,59;26,89;0,30;5,99;6,21;64,55
3,36;26,85;0,30;5,61;5,83;64,55
3,66;26,55;0,30;5,61;5,83;64,62
3,43;27,03;0,30;5,61;6,21;65,05
3,43;27,40;0,30;5,91;5,84;64,68
3,43;26,98;0,30;6,21;5,84;64,68
3,70;26,94;0,30;6,21;5,36;63,41
2,55;27,11;0,30;5,54;6,04;63,07
2,12;26,50;0,30;6,97;6,75;63,07
1,55;28,02;0,30;6,89;5,96;63,81
1,55;27,58;0,30;7,19;6,40;64,18
1,55;27,58;0,30;7,56;6,02;64,18
1,16;28,02;0,30;7,60;6,42;64,56
1,16;28,40;0,30;7,22;5,94;64,56
1,16;28,02;0,30;6,83;6,32;64,18
1,64;27,62;0,30;7,03;6,58;63,97
1,64;27,62;0,30;7,03;6,58;64,98
2,02;28,23;0,30;7,39;5,62;64,98
2,02;28,23;0,30;7,39;5,62;65,46
2,40;27,84;0,30;7,39;5,61;65,46
2,40;27,95;0,30;6,71;5,61;65,46
2,40;28,44;0,30;6,80;5,61;64,72
2,40;28,44;0,30;6,80;5,61;64,33
2,40;28,44;0,30;6,74;5,61;64,60
2,40;26,92;0,30;7,46;5,61;64,74
2,40;27,67;0,30;7,46;5,61;64,74
2,02;27,67;0,30;7,83;5,61;65,04
2,02;27,03;0,30;8,87;5,61;65,04
2,02;26,25;0,30;8,52;6,43;65,04
2,02;26,56;0,30;9,20;6,43;65,67
2,24;26,87;0,30;8,24;7,09;65,99
2,24;26,98;0,30;8,63;7,09;65,85
2,30;27,14;0,30;7,96;7,53;66,15
2,30;26,81;0,30;7,96;7,06;65,81
2,30;26,97;0,30;7,62;7,40;65,81
2,30;26,97;0,30;7,28;7,40;65,39
1,70;28,18;0,30;7,63;6,71;65,39
1,70;27,91;0,30;8,20;6,71;64,73
1,43;28,18;0,30;8,59;6,71;64,81
1,71;28,56;0,30;6,26;6,71;63,99
1,71;28,26;0,30;6,40;7,01;63,92
2,09;28,69;0,30;7,23;6,33;64,86
2,09;29,05;0,30;7,51;5,94;64,49
2,09;28,97;0,30;7,25;5,94;64,45
1,79;27,92;0,30;7,51;5,94;64,23
1,79;27,69;0,30;7,85;5,94;64,23
1,79;28,00;0,30;7,85;5,94;64,32
2,23;28,00;0,30;7,55;5,94;64,02
2,23;28,54;0,30;7,85;5,94;64,86
2,23;29,02;0,30;7,85;5,94;64,86
2,23;28,06;0,30;7,55;5,94;65,29
2,23;28,43;0,30;6,45;5,94;65,04
2,23;28,40;0,30;6,45;5,94;64,74
2,23;28,40;0,30;7,46;5,94;65,29
2,23;28,40;0,30;7,84;5,57;65,29
2,23;29,17;0,30;7,84;5,57;65,29
2,23;29,17;0,30;7,84;5,94;65,64
2,23;29,52;0,30;7,13;5,94;65,34
2,23;28,81;0,30;8,15;5,94;66,30
2,23;28,71;0,30;7,89;5,94;65,90
2,23;28,97;0,30;7,89;5,94;65,90
2,23;29,27;0,30;7,59;5,94;65,90
2,23;29,27;0,30;7,21;5,94;65,52
2,23;29,27;0,30;7,21;5,94;65,32
2,57;29,43;0,30;6,84;5,94;65,52
2,57;29,70;0,30;6,84;5,94;65,52
2,57;29,70;0,30;6,91;5,94;65,52
2,57;29,51;1,00;6,91;5,37;65,21
2,57;30,22;0,30;7,21;4,98;65,30
2,57;30,27;0,30;7,21;4,98;65,30
2,57;30,37;0,30;6,50;5,28;64,63
2,57;30,71;0,30;6,20;5,28;64,42
2,57;30,44;0,30;6,20;5,28;64,15
2,13;30,53;0,65;6,56;5,67;64,43
2,43;30,28;0,65;5,85;5,32;64,18
2,43;28,59;0,65;6,86;5,32;63,86
2,43;28,63;0,65;6,52;5,32;63,86
2,13;29,01;0,65;6,18;5,28;63,86
2,13;29,62;0,65;5,86;4,90;62,53
2,13;29,92;0,65;5,86;4,90;62,48
2,13;29,92;0,65;5,86;4,63;62,85
2,13;30,27;0,65;5,86;4,63;62,58
2,13;29,97;0,65;5,19;4,63;62,28
2,13;30,24;0,30;4,48;4,98;62,30
2,13;30,25;0,30;4,48;4,98;62,30
2,13;28,76;0,30;5,51;4,98;62,40
2,13;28,76;0,30;5,85;4,98;62,40
2,13;29,10;0,30;5,85;4,98;62,40
2,13;29,10;0,30;5,85;4,98;62,40
2,13;29,10;0,30;6,15;4,98;62,70
2,13;29,49;0,30;5,85;4,98;62,40
2,13;29,97;0,30;5,85;4,98;62,40
2,13;31,50;0,30;5,85;4,98;62,79
2,13;32,14;0,30;4,20;5,25;61,74
2,13;32,14;0,30;3,72;5,52;62,35
2,13;31,76;0,30;3,34;5,52;61,96
2,13;32,02;0,30;3,34;5,52;61,96
2,13;31,41;0,30;3,61;5,52;61,96
2,13;31,41;0,30;3,61;5,24;61,96
2,13;32,19;0,30;3,61;5,24;61,37
2,13;32,67;0,30;3,61;5,24;61,36
2,13;32,97;0,30;3,61;4,86;61,70
2,13;32,97;0,30;3,61;4,86;62,00
2,13;32,15;0,30;3,61;4,56;60,98
2,13;32,15;0,30;3,61;4,56;60,98
2,47;32,15;0,30;3,36;4,56;61,06
2,47;32,29;0,30;3,36;4,56;61,39
2,47;31,45;0,30;3,02;4,56;61,00
2,13;31,15;0,30;3,69;4,56;61,00
2,13;31,17;0,30;3,36;4,56;61,02
2,13;30,40;0,30;3,36;4,56;60,63
2,13;30,40;0,30;3,36;4,56;60,38
2,13;30,78;0,30;3,36;4,93;60,04
2,13;30,48;0,30;3,36;4,93;59,77
2,13;30,48;0,30;3,36;4,93;59,47
2,13;30,96;0,30;3,36;4,93;59,08
2,13;30,96;0,30;3,36;4,93;59,47
2,13;30,86;0,30;3,36;4,93;59,48
2,13;30,86;0,30;3,36;4,63;59,21
1,65;31,12;0,30;3,36;4,37;59,01
1,65;31,01;0,30;3,80;3,58;58,71
1,65;31,48;0,30;3,02;3,58;58,71
1,65;31,48;0,74;3,02;3,21;58,32
1,65;31,48;0,74;3,02;3,21;58,32
1,65;31,27;0,74;3,02;3,21;57,93
1,65;30,71;0,74;3,02;3,23;57,36
2,10;30,98;0,30;3,02;3,23;57,24
2,10;31,14;0,30;3,02;3,23;57,61
1,71;31,14;0,30;3,02;3,62;58,05
1,08;32,01;0,30;3,02;3,62;58,05
1,08;32,01;0,30;3,02;3,62;58,05
1,08;32,40;0,30;3,02;3,62;58,45
1,08;32,14;0,30;3,02;3,17;58,19
0,74;32,44;0,30;3,02;2,79;57,85
0,74;31,69;0,30;3,36;2,79;57,40
1,11;31,96;0,30;3,36;2,42;57,67
1,11;32,44;0,30;3,36;2,42;57,07
1,11;32,44;0,30;3,36;2,42;57,07
1,11;32,74;0,30;3,36;2,42;57,13
1,11;32,26;0,30;3,36;2,42;57,13
1,11;31,96;0,30;3,36;2,05;57,13
1,11;31,96;0,30;3,36;2,05;56,74
1,11;30,55;0,30;3,36;2,42;54,92
1,88;25,51;0,30;3,37;3,29;52,48
1,88;22,06;0,30;2,87;3,33;50,19
2,22;21,71;0,30;2,57;3,68;49,51
2,22;20,18;0,30;2,54;4,06;49,30
2,22;19,68;0,30;1,97;4,06;48,81
2,22;19,04;0,30;2,27;4,49;48,43
2,22;18,60;0,30;2,27;4,49;47,99
2,49;18,75;0,30;2,27;4,49;47,93
2,86;18,75;0,30;2,27;4,49;47,66
3,11;18,41;0,30;2,27;4,49;46,93
2,41;18,43;0,30;1,81;4,49;46,93
2,04;17,86;0,30;1,81;4,49;46,39
2,04;17,15;0,30;1,81;4,49;45,68
2,04;16,77;0,30;1,81;4,49;45,29
2,04;16,50;0,30;1,81;4,22;44,76
2,04;17,24;0,30;1,81;4,22;44,72
2,04;17,24;0,30;1,81;4,22;44,45
2,04;16,90;0,30;2,11;4,22;44,58
1,70;16,24;0,30;2,11;3,85;43,49
1,70;15,93;0,30;2,11;4,23;42,83
1,70;14,75;0,30;2,11;4,23;42,11
1,70;14,31;0,30;2,11;3,85;41,55
1,45;13,92;0,30;2,11;4,10;41,31
1,45;13,92;0,30;2,11;4,10;40,46
1,45;13,62;0,30;2,11;4,40;40,02
1,45;13,93;0,30;2,11;4,40;39,69
1,45;13,93;0,58;2,11;4,84;39,62
1,45;13,46;0,58;2,11;4,84;39,04
1,45;13,46;0,58;2,11;4,84;39,04
1,45;13,11;0,58;1,81;4,84;38,41
1,45;13,11;0,58;2,46;4,84;38,41
1,45;13,11;0,58;2,46;4,84;38,41
1,45;13,11;0,58;2,46;4,84;38,14
1,45;12,68;0,58;2,46;4,84;37,98
1,45;12,93;0,58;2,46;4,24;37,35
1,79;13,11;0,64;2,46;3,16;37,65
1,79;13,48;0,64;2,46;3,16;37,65
1,79;13,48;0,64;2,46;3,43;37,65
1,79;13,48;0,30;2,46;3,43;37,05
1,79;13,48;0,30;2,46;3,43;36,38
1,79;13,48;0,74;2,59;2,55;36,38
1,79;13,21;0,74;2,59;2,55;36,11
1,79;13,21;0,30;2,59;2,55;35,74
1,79;12,82;0,30;2,33;2,55;34,20
1,79;12,52;0,30;2,16;2,28;33,11
1,79;12,52;0,30;2,16;2,28;33,11
1,41;13,68;0,30;1,73;2,28;32,78
1,41;13,68;0,30;1,73;2,28;32,78
1,41;13,24;0,30;1,73;2,28;32,39
1,41;13,37;0,30;1,73;2,28;32,52
1,41;13,03;0,30;2,03;2,28;32,52
1,41;12,94;0,30;2,33;2,28;32,82
1,41;13,42;0,30;2,33;2,28;32,82
1,41;13,06;0,30;2,03;2,28;32,85
1,41;12,73;0,30;1,73;2,28;32,18
1,41;11,98;0,30;1,73;2,28;32,66
1,04;12,25;0,67;1,73;2,28;33,01
1,04;12,25;0,67;1,73;2,28;33,01
1,04;11,98;0,67;1,73;2,28;33,01
1,04;11,98;0,67;1,73;1,85;32,72
1,04;11,21;0,67;1,73;1,49;31,89
1,04;11,68;0,67;2,03;1,49;31,87
1,04;12,16;0,67;2,03;1,49;31,87
1,04;11,82;0,67;2,03;1,49;31,24
1,41;11,82;0,30;1,73;1,91;31,24
1,41;11,82;0,30;1,73;1,91;30,80
1,41;11,82;0,30;2,33;1,49;29,98
1,04;12,26;0,60;1,90;1,18;30,10
1,41;11,78;0,60;1,60;1,18;30,10
1,41;11,31;0,60;1,60;0,76;29,66
1,41;11,78;0,60;1,60;0,76;30,12
1,41;12,05;0,60;1,60;0,76;30,12
1,41;12,05;0,60;1,30;0,76;30,12
1,41;11,39;0,60;0,92;0,76;28,78
1,41;11,85;0,60;0,92;0,76;29,25
1,41;11,42;0,60;1,36;0,76;28,98
1,41;11,42;0,60;1,36;0,76;28,71
1,41;11,05;0,60;1,36;0,76;28,71
0,97;10,34;0,60;1,36;0,76;28,00
0,97;10,34;0,60;1,36;0,76;27,19
0,97;10,82;0,60;1,36;0,76;26,59
0,60;10,82;0,60;1,36;1,13;26,59
0,60;10,34;0,60;1,36;1,37;25,77
0,60;9,86;0,60;1,36;1,37;25,59
0,60;10,11;0,60;1,36;1,37;25,84
0,60;9,67;0,60;1,36;1,37;25,84
0,60;9,63;0,60;1,36;1,37;25,66
0,60;9,63;0,60;1,36;1,37;25,31
0,60;9,63;0,60;1,36;1,37;24,92
0,60;9,26;0,60;1,36;1,37;24,55
0,60;9,26;0,60;1,36;1,37;23,95
0,60;9,26;0,60;1,36;1,37;24,25
0,60;9,26;0,60;1,36;1,37;23,40
0,60;9,26;0,60;1,09;1,13;23,15
0,60;9,26;0,60;1,09;1,13;22,91
0,60;8,99;0,60;1,09;1,13;22,43
0,60;8,99;0,60;1,09;1,13;21,16
0,60;8,99;0,60;1,09;1,13;20,90
0,60;8,72;0,60;1,09;1,13;20,90
0,60;8,72;0,60;1,09;1,13;20,90
0,60;8,99;0,60;1,09;1,13;20,90
0,60;9,34;0,60;1,09;1,13;20,90
0,60;9,34;0,60;1,09;1,13;20,51
0,60;8,72;0,60;1,09;1,13;20,16
0,60;9,00;0,60;1,09;1,13;20,16
1,03;8,63;0,60;1,09;1,13;20,16
1,03;8,63;0,60;1,09;1,13;20,16
1,03;8,28;0,60;1,09;1,13;19,81
1,03;7,96;0,60;1,09;1,13;19,68
1,03;7,96;0,60;1,09;1,13;19,68
1,03;8,28;0,30;1,09;1,13;19,38
1,03;8,28;0,30;1,09;1,13;19,38
1,03;8,28;0,30;1,09;1,13;19,38
0,60;8,58;0,30;0,66;1,13;19,25
0,60;8,58;0,30;0,34;1,13;19,25
0,60;8,58;0,30;0,34;1,13;19,25
0,60;8,28;0,30;0,34;1,13;18,95
0,60;7,84;0,30;0,34;1,13;18,51
0,60;8,32;0,30;0,34;1,13;18,51
0,60;8,32;0,30;0,34;1,13;18,51
0,60;8,32;0,30;0,34;0,70;18,43
0,60;7,07;0,30;0,34;0,70;17,66
0,60;6,51;0,30;0,34;0,70;17,66
0,60;6,16;0,30;0,34;0,70;17,31
0,60;5,50;0,30;0,34;0,70;16,65
0,60;5,50;0,30;0,34;0,70;16,65
0,60;5,50;0,30;0,34;0,37;16,09
0,60;5,81;0,30;0,34;0,37;16,09
0,60;5,50;0,30;0,34;0,37;15,72
0,60;5,50;0,30;0,34;0,37;15,72
0,60;5,87;0,30;0,34;0,00;15,72
0,60;5,50;0,30;0,00;0,00;15,01
0,60;5,15;0,30;0,00;0,00;14,66
0,60;5,15;0,30;0,00;0,34;14,66
0,60;5,15;0,30;0,00;0,66;14,92
0,60;5,62;0,30;0,00;0,66;14,92
0,60;5,62;0,30;0,00;0,66;14,92
0,60;5,62;0,30;0,00;0,66;14,92
0,60;5,62;0,30;0,44;0,66;14,92
0,60;4,75;0,30;0,44;0,66;14,23
0,60;4,75;0,30;0,44;0,66;13,84
0,60;4,75;0,00;0,44;0,66;13,84
0,60;4,75;0,00;0,44;0,66;13,84
0,60;4,75;0,00;0,44;0,66;13,84
0,60;4,84;0,00;0,44;0,66;13,15
0,60;4,84;0,00;0,44;0,66;13,15
0,60;4,84;0,00;0,44;0,66;13,15
0,60;4,84;0,00;0,00;0,66;13,15
0,60;4,36;0,00;0,00;0,66;13,15
0,60;4,36;0,00;0,00;0,66;12,84
0,60;4,36;0,00;0,00;0,66;12,84
0,60;4,36;0,00;0,00;0,66;12,84
0,60;4,36;0,00;0,44;0,66;12,84
0,60;4,36;0,00;0,44;0,66;12,84
0,60;4,36;0,00;0,44;0,66;12,84
0,60;4,36;0,00;0,44;0,66;12,84
0,60;4,36;0,00;0,44;0,66;12,84
0,60;3,97;0,00;0,00;0,66;12,45
0,60;3,60;0,00;0,00;1,02;12,45
0,60;3,60;0,00;0,00;1,02;12,45
0,60;3,60;0,00;0,00;1,02;12,45
0,60;3,60;0,00;0,00;1,02;12,18
0,60;3,60;0,00;0,44;1,02;12,18
0,60;3,60;0,00;0,44;1,02;11,70
0,60;3,60;0,00;0,44;1,02;11,70
0,60;3,26;0,00;0,44;1,37;11,70
0,60;3,26;0,00;0,44;1,37;11,70
0,87;2,98;0,00;0,44;1,37;11,70
0,87;2,98;0,00;0,00;1,37;11,70
0,87;2,98;0,00;0,00;1,37;11,70
0,87;2,98;0,00;0,00;1,37;11,70
0,87;2,98;0,00;0,44;1,37;11,70
0,87;2,98;0,00;0,44;1,37;11,47
0,87;2,98;0,00;0,44;1,37;11,47
0,87;2,98;0,00;0,00;1,37;11,47
0,87;2,98;0,00;0,00;1,37;11,47
0,87;2,98;0,00;0,44;1,37;11,47
0,87;2,98;0,00;0,44;1,37;11,47
0,87;2,98;0,00;0,44;1,37;11,47
0,87;2,98;0,00;0,00;1,37;11,47
0,87;2,98;0,00;0,00;1,37;11,47
0,87;2,98;0,00;0,00;1,37;11,47
0,87;2,98;0,00;0,00;1,37;11,12
0,87;2,98;0,00;0,00;1,37;11,12
0,87;2,98;0,00;0,00;1,37;11,12
0,87;2,98;0,00;0,00;1,06;10,81
0,87;2,98;0,00;0,00;1,06;10,81
0,87;2,98;0,00;0,44;1,06;10,81
0,87;2,98;0,00;0,44;1,06;10,81
0,87;2,98;0,00;0,44;1,06;10,81
0,87;2,98;0,00;0,44;1,06;10,81
0,87;2,98;0,00;0,44;1,06;10,81
0,87;2,98;0,00;0,44;1,06;10,81
0,87;2,98;0,00;0,44;1,06;10,81
0,87;2,98;0,00;0,00;1,06;10,81
0,87;2,98;0,00;0,00;1,06;10,81
0,87;3,46;0,00;0,00;1,06;10,81
0,87;3,46;0,00;0,00;1,06;10,81
0,87;3,46;0,00;0,00;1,06;10,81
0,87;3,46;0,00;0,00;0,69;10,81
0,87;3,46;0,00;0,00;0,69;10,81
0,87;3,46;0,00;0,00;0,69;10,54
0,87;3,46;0,00;0,00;0,69;10,54
0,87;2,98;0,00;0,00;0,69;10,54
0,60;2,98;0,00;0,00;0,69;10,54
0,87;2,98;0,00;0,00;0,69;10,17
0,87;2,98;0,00;0,00;1,13;10,17
0,87;2,98;0,00;0,00;1,13;10,17
0,87;2,98;0,00;0,00;1,13;10,17
0,87;2,98;0,00;0,00;0,69;10,17
0,87;2,98;0,00;0,00;0,69;10,17
0,87;2,98;0,00;0,00;0,69;10,17
0,87;2,98;0,00;0,00;0,69;10,17
0,87;2,67;0,00;0,00;0,69;9,86
0,87;2,67;0,00;0,00;0,69;9,86
0,87;2,67;0,00;0,00;0,69;9,86
0,87;2,67;0,00;0,00;0,69;9,86
0,87;2,67;0,00;0,00;0,69;9,86
0,87;2,67;0,00;0,00;0,69;9,86
0,87;2,67;0,00;0,00;0,69;9,86
0,87;2,67;0,00;0,00;0,69;9,86
0,87;2,67;0,00;0,00;0,69;9,86
0,87;2,67;0,00;0,00;0,69;9,47
0,87;2,67;0,00;0,00;0,69;9,47
0,87;2,67;0,00;0,00;0,35;9,12
0,87;2,67;0,00;0,00;0,35;9,40
0,87;2,67;0,00;0,00;0,35;9,40
0,87;2,67;0,00;0,00;0,35;9,40
0,60;2,67;0,00;0,00;0,35;9,40
0,60;2,67;0,00;0,00;0,35;9,40
0,60;2,67;0,00;0,00;0,35;9,40
0,60;2,67;0,00;0,00;0,35;9,40
0,60;2,67;0,00;0,00;0,35;8,75
0,60;2,67;0,00;0,00;0,35;8,75
0,60;2,67;0,00;0,00;0,35;8,75
0,60;2,67;0,00;0,00;0,35;8,62
0,87;2,67;0,00;0,00;0,35;8,62
0,87;2,67;0,00;0,00;0,35;8,62
0,87;2,67;0,00;0,00;0,35;8,62
0,87;2,67;0,00;0,00;0,35;9,00
0,87;2,67;0,00;0,00;0,35;9,00
0,87;2,67;0,00;0,00;0,35;9,00
0,60;2,67;0,00;0,00;0,35;9,00
0,60;2,67;0,00;0,00;0,35;9,00
0,60;2,67;0,00;0,00;0,35;9,00
0,60;2,67;0,00;0,00;0,35;9,00
0,60;2,94;0,00;0,00;0,35;9,00
0,84;2,94;0,00;0,00;0,35;9,00
0,84;2,94;0,00;0,00;0,35;9,00
0,84;2,67;0,00;0,00;0,35;9,00
1,11;2,67;0,00;0,00;0,35;8,70
1,11;2,67;0,00;0,00;0,73;8,70
1,11;3,06;0,00;0,00;0,35;8,70
1,50;2,67;0,00;0,00;0,35;8,70
1,50;2,67;0,00;0,00;0,35;8,70
1,50;2,67;0,00;0,00;0,35;8,70
1,50;2,67;0,00;0,00;0,35;8,70
1,50;2,67;0,00;0,00;0,35;8,70
0,84;2,67;0,00;0,00;0,35;8,70
1,11;2,67;0,00;0,00;0,35;8,39
0,87;2,67;0,00;0,00;0,35;8,39
0,87;2,67;0,00;0,00;0,35;8,39
0,87;2,67;0,00;0,00;0,35;8,39
0,84;2,67;0,00;0,00;0,35;8,39
0,84;2,67;0,00;0,00;0,35;8,39
0,84;2,67;0,00;0,00;0,35;8,39
0,84;2,67;0,00;0,00;0,35;8,39
0,84;2,67;0,00;0,00;0,35;8,39
0,84;2,67;0,00;0,00;0,35;8,39
1,39;2,67;0,00;0,00;0,35;8,66
1,39;3,06;0,00;0,00;0,35;8,66
1,39;3,06;0,00;0,00;0,35;8,66
0,84;3,29;0,00;0,00;0,35;8,90
0,84;3,25;0,00;0,00;0,35;8,58
0,84;3,25;0,00;0,00;0,35;8,58
0,84;3,25;0,00;0,00;0,35;8,58
0,84;3,25;0,00;0,00;0,35;8,58
0,84;3,02;0,00;0,00;0,35;8,35
0,84;3,02;0,00;0,00;0,35;8,58
0,84;3,02;0,00;0,00;0,35;8,58
0,84;3,02;0,00;0,00;0,35;8,58
0,84;3,02;0,00;0,00;0,35;8,58
0,84;2,74;0,00;0,00;0,35;8,58
0,84;2,74;0,00;0,00;0,35;8,58
0,84;2,74;0,00;0,00;0,35;8,58
0,84;3,02;0,00;0,00;0,35;8,58
0,84;3,02;0,00;0,00;0,35;8,58
0,84;3,02;0,00;0,00;0,35;8,58
1,11;3,02;0,00;0,00;0,35;8,58
1,11;3,02;0,00;0,00;0,35;8,58
1,11;3,02;0,00;0,00;0,35;8,58
1,11;3,02;0,00;0,00;0,35;8,58
1,11;3,02;0,00;0,00;0,35;8,58
1,11;3,02;0,00;0,00;0,35;8,15
1,11;3,02;0,00;0,00;0,35;8,15
1,39;2,74;0,00;0,00;0,35;8,15
1,39;2,74;0,00;0,00;0,35;8,58
1,39;2,74;0,00;0,00;0,35;8,58
1,39;2,74;0,00;0,00;0,35;8,58
1,39;2,74;0,00;0,00;0,35;8,58
1,39;2,74;0,00;0,00;0,35;8,58
1,39;2,74;0,00;0,00;0,35;8,58
1,39;2,74;0,00;0,00;0,35;8,58
1,39;2,74;0,00;0,00;0,35;8,58
1,39;2,74;0,00;0,00;0,35;8,14
1,39;2,74;0,00;0,00;0,35;8,14
1,39;2,74;0,00;0,00;0,35;8,14
1,39;2,74;0,00;0,00;0,35;8,14
1,39;2,74;0,00;0,00;0,35;8,14
1,77;2,36;0,00;0,00;0,35;8,14
1,77;2,36;0,00;0,00;0,35;8,14
1,77;2,36;0,00;0,00;0,35;8,14
1,77;2,36;0,00;0,00;0,35;8,14
1,77;2,36;0,00;0,00;0,35;8,14
1,77;2,36;0,00;0,00;0,35;8,14
1,26;2,63;0,00;0,00;0,35;8,14
0,87;3,02;0,00;0,00;0,35;8,14
0,87;3,02;0,00;0,00;0,35;7,91
0,87;3,02;0,00;0,00;0,35;8,14
0,87;3,02;0,00;0,00;0,35;8,14
0,87;3,02;0,00;0,00;0,35;8,14
0,87;3,02;0,00;0,00;0,35;8,14
0,87;3,02;0,00;0,00;0,35;7,91
0,87;3,02;0,00;0,00;0,35;8,14
0,87;3,02;0,00;0,00;0,35;8,14
0,87;3,02;0,00;0,00;0,35;8,14
0,87;2,63;0,00;0,00;0,35;7,76
0,87;2,63;0,00;0,00;0,35;7,76
0,87;2,63;0,00;0,00;0,35;7,76
0,87;2,63;0,00;0,00;0,35;7,76
0,87;2,63;0,00;0,00;0,35;7,76
0,87;2,63;0,00;0,00;0,35;7,76
0,87;2,63;0,00;0,00;0,35;7,33
0,87;2,63;0,00;0,00;0,35;7,33
0,87;2,63;0,00;0,00;0,35;7,33
0,87;2,63;0,00;0,00;0,35;7,33
0,60;2,63;0,00;0,00;0,35;7,05
0,60;2,63;0,00;0,00;0,35;7,05
0,60;2,63;0,00;0,00;0,35;7,05
0,60;2,63;0,00;0,00;0,35;7,05
0,60;2,63;0,00;0,00;0,35;7,05
0,60;2,63;0,00;0,00;0,35;7,05
0,60;2,63;0,00;0,00;0,35;7,05
0,60;2,63;0,00;0,00;0,35;7,05
0,60;2,63;0,00;0,00;0,35;7,48
0,60;2,63;0,00;0,00;0,35;7,48
0,60;2,63;0,00;0,00;0,35;7,48
0,60;2,63;0,00;0,00;0,35;7,48
0,60;2,63;0,00;0,00;0,35;7,48
0,60;2,63;0,00;0,00;0,35;7,48
0,60;2,63;0,00;0,00;0,35;7,48
0,60;2,63;0,00;0,00;0,35;7,48
0,60;2,63;0,00;0,00;0,35;7,48
0,60;2,63;0,00;0,00;0,35;7,48
0,60;2,63;0,00;0,00;0,35;7,21
0,60;2,63;0,00;0,00;0,35;7,21
0,60;2,63;0,00;0,00;0,35;7,21
0,60;2,63;0,00;0,00;0,35;7,21
0,60;2,63;0,00;0,00;0,35;7,21
0,60;2,63;0,00;0,00;0,35;7,21
0,60;2,97;0,00;0,00;0,35;7,55
0,60;2,97;0,00;0,00;0,35;7,55
0,60;2,97;0,00;0,00;0,35;7,55
0,60;3,40;0,00;0,00;0,35;7,55
0,60;3,40;0,00;0,00;0,35;7,55
0,60;3,40;0,00;0,00;0,35;7,55
0,60;3,40;0,00;0,00;0,35;7,55
0,60;3,40;0,00;0,00;0,35;7,55
0,60;3,40;0,00;0,00;0,35;7,55
0,60;3,40;0,00;0,00;0,35;7,55
0,60;3,40;0,00;0,00;0,35;7,55
0,60;3,40;0,00;0,00;0,35;7,55
0,60;3,40;0,00;0,00;0,35;7,55
0,60;3,40;0,00;0,00;0,35;7,55
0,60;3,40;0,00;0,00;0,35;7,55
0,60;3,40;0,00;0,00;0,35;7,55
0,60;3,40;0,00;0,00;0,35;7,55
0,60;3,40;0,00;0,00;0,35;7,55
0,60;3,40;0,00;0,00;0,35;7,55
0,60;3,40;0,00;0,00;0,35;7,55
0,60;3,40;0,00;0,00;0,35;7,55
0,60;3,40;0,00;0,00;0,35;7,55
0,60;3,40;0,00;0,00;0,35;7,55
0,60;3,40;0,00;0,00;0,35;7,55
0,60;3,40;0,00;0,00;0,35;7,55
0,60;3,40;0,00;0,00;0,35;7,55
0,60;3,40;0,00;0,00;0,35;7,25
0,60;3,40;0,00;0,00;0,35;6,90
0,60;3,40;0,00;0,00;0,35;6,90
0,60;3,40;0,00;0,00;0,35;6,90
0,60;3,40;0,00;0,00;0,35;6,90
0,60;3,40;0,00;0,00;0,35;6,90
0,60;3,40;0,00;0,00;0,35;6,90
0,60;3,40;0,00;0,00;0,35;6,90
0,60;3,40;0,00;0,00;0,35;6,90
0,60;3,40;0,00;0,00;0,35;6,90
0,60;3,40;0,00;0,00;0,35;6,90
0,60;3,40;0,00;0,00;0,35;6,90
0,60;3,40;0,00;0,00;0,35;6,90
0,60;3,40;0,00;0,00;0,35;6,90
0,60;3,80;0,00;0,00;0,35;7,30
0,60;3,80;0,00;0,00;0,35;7,30
0,60;3,80;0,00;0,00;0,35;7,30
0,60;3,80;0,00;0,00;0,35;7,30
0,60;3,80;0,00;0,00;0,35;7,30
0,60;3,80;0,00;0,00;0,35;7,30
0,60;3,80;0,00;0,00;0,35;7,30
0,60;4,10;0,00;0,00;0,35;7,60
0,60;4,56;0,00;0,00;0,35;8,06
0,60;4,56;0,00;0,00;0,35;8,06
0,60;4,80;0,00;0,00;0,35;8,06
0,60;5,12;0,00;0,00;0,35;8,39
0,60;5,12;0,00;0,00;0,35;8,39
0,60;5,12;0,00;0,00;0,35;8,39
0,60;5,12;0,00;0,00;0,35;8,39
0,94;5,12;0,00;0,00;0,35;8,73
0,94;5,12;0,00;0,00;0,35;8,73
0,60;5,12;0,00;0,34;0,35;8,42
0,60;5,12;0,00;0,34;0,35;8,42
0,60;5,12;0,00;0,34;0,35;8,42
0,60;5,12;0,00;0,34;0,35;8,42
0,60;5,40;0,00;0,00;0,69;8,69
0,60;5,16;0,00;0,00;0,69;8,45
0,60;5,16;0,00;0,00;0,69;8,45
0,60;5,16;0,00;0,00;0,69;8,45
0,60;5,16;0,00;0,00;0,69;8,69
0,60;5,40;0,00;0,00;0,69;8,69
0,60;5,40;0,00;0,00;0,69;8,69
0,60;5,40;0,00;0,00;0,69;8,69
0,60;5,40;0,00;0,00;0,69;8,69
0,60;5,40;0,00;0,00;0,69;8,39
0,60;5,40;0,00;0,00;0,69;8,39
0,60;5,40;0,00;0,00;0,69;8,39
0,60;5,40;0,00;0,00;0,69;8,39

