[  PERIODOS BÁSICOS  ] (Total Domicílios|Grande Goiânia|30/05/2022|Live|Rat%|All)
0,45;4,75;0,00;0,00;0,46;8,24
0,00;4,71;0,00;0,00;0,46;7,92
0,00;4,71;0,00;0,00;0,92;8,38
0,00;4,71;0,00;0,00;0,46;7,43
0,00;5,16;0,00;0,00;0,00;7,43
0,00;4,73;0,00;0,00;0,00;6,99
0,00;4,73;0,00;0,00;0,00;6,99
0,00;4,73;0,00;0,00;0,00;6,99
0,00;4,73;0,00;0,00;0,00;6,99
0,00;4,73;0,00;0,00;0,00;6,99
0,00;5,25;0,00;0,00;0,00;7,51
0,00;5,25;0,00;0,30;0,00;7,81
0,00;5,37;0,00;0,30;0,00;7,93
0,00;5,37;0,00;0,30;0,00;7,93
0,00;5,82;0,00;0,30;0,00;8,38
0,00;5,35;0,00;0,30;0,00;7,92
0,00;5,35;0,00;0,30;0,00;7,92
0,00;4,93;0,00;0,30;0,00;7,49
0,00;4,93;0,00;0,30;0,00;7,49
0,00;5,48;0,00;0,30;0,00;8,04
0,00;5,91;0,00;0,30;0,00;8,48
0,00;5,48;0,00;0,76;0,00;8,94
0,00;5,81;0,00;0,76;0,00;9,27
0,00;5,81;0,00;0,30;0,46;8,83
0,00;5,81;0,00;0,30;0,46;8,83
0,00;5,81;0,00;0,30;0,46;8,83
0,00;5,81;0,00;0,30;0,46;8,83
0,00;5,81;0,00;0,30;0,46;8,83
0,00;5,81;0,00;0,30;0,46;8,83
0,00;5,81;0,00;0,30;0,46;8,83
0,00;5,81;0,00;0,30;0,46;8,83
0,00;5,82;0,00;1,23;0,46;10,12
0,00;4,85;0,00;1,23;0,46;9,14
0,00;4,85;0,00;1,23;0,46;9,14
0,00;4,85;0,00;1,23;0,46;9,14
0,00;4,85;0,00;1,23;0,46;9,14
0,46;4,38;0,00;1,23;0,46;9,14
0,46;4,38;0,00;1,23;0,46;9,14
0,46;4,38;0,00;1,23;0,46;8,83
0,46;4,81;0,00;1,23;0,46;9,25
0,46;5,61;0,00;1,23;0,46;10,06
0,46;5,61;0,00;1,23;0,46;10,06
0,00;5,16;0,00;0,94;0,93;9,31
0,00;5,16;0,00;0,94;0,93;8,81
0,00;5,16;0,00;0,94;0,93;8,81
0,00;5,16;0,00;1,27;0,93;9,73
0,00;5,16;0,00;1,27;0,93;9,73
0,00;5,16;0,00;1,27;0,93;9,73
0,00;5,62;0,00;1,27;0,93;10,68
0,00;5,91;0,00;1,27;0,93;10,98
0,00;6,24;0,00;1,27;0,93;11,30
0,00;6,24;0,00;1,27;0,93;11,30
0,00;6,30;0,00;1,74;0,46;11,82
0,00;6,34;0,00;1,40;0,46;10,54
0,00;6,34;0,00;1,40;0,46;11,06
0,00;6,34;0,00;1,40;0,46;11,06
0,00;6,46;0,00;1,40;0,00;11,18
0,00;6,76;0,00;1,40;0,00;11,49
0,00;6,76;0,00;1,40;0,00;11,49
0,00;6,76;0,00;1,40;0,00;11,49
0,00;6,47;0,00;1,70;0,00;11,49
0,00;6,00;0,00;1,70;0,00;11,02
0,00;6,00;0,00;1,70;0,00;11,02
0,00;6,49;0,00;1,70;0,00;11,51
0,00;6,93;0,00;1,70;0,00;11,51
0,00;6,93;0,00;1,70;0,00;11,51
0,00;6,93;0,00;1,70;0,00;11,51
0,00;7,08;0,00;2,10;0,00;12,05
0,00;6,58;0,00;2,10;0,00;11,56
0,00;6,58;0,00;2,10;0,00;11,56
0,00;6,58;0,00;2,10;0,00;11,56
0,00;6,03;0,00;2,65;0,00;11,56
0,00;6,03;0,00;2,65;0,00;11,56
0,00;6,03;0,00;2,65;0,00;11,87
0,00;6,46;0,00;2,65;0,00;12,30
0,00;7,01;0,00;3,05;0,00;13,25
0,00;7,01;0,00;3,05;0,00;13,25
0,00;6,55;0,00;3,05;0,00;12,80
0,00;6,55;0,00;3,05;0,00;12,80
0,00;6,55;0,00;3,05;0,00;12,80
0,00;7,55;0,00;3,05;0,00;13,79
0,00;7,55;0,00;3,05;0,00;13,79
0,00;7,55;0,00;3,05;0,00;13,29
0,00;8,05;0,00;3,05;0,00;13,79
0,00;8,05;0,00;3,05;0,00;13,79
0,00;8,05;0,00;3,05;0,00;13,27
0,00;8,05;0,00;3,05;0,00;13,27
0,00;8,05;0,00;3,05;0,00;13,27
0,00;8,05;0,00;3,05;0,00;13,27
0,00;8,05;0,00;2,75;0,00;13,47
0,00;8,05;0,00;2,75;0,50;13,97
0,00;8,05;0,00;2,75;0,50;13,97
0,00;8,54;0,00;2,75;0,00;13,97
0,00;9,15;0,00;2,75;0,00;14,57
0,00;9,15;0,00;3,18;0,00;15,00
0,00;9,15;0,00;3,18;0,00;15,00
0,00;8,05;0,00;3,18;0,00;14,50
0,00;8,51;0,00;2,71;0,00;14,50
0,00;8,51;0,00;2,71;0,00;14,50
0,00;8,51;0,00;2,27;0,00;14,05
0,00;8,69;0,00;2,27;0,00;14,24
0,00;8,69;0,00;2,27;0,46;14,70
0,00;8,69;0,00;2,27;0,46;14,70
0,00;8,39;0,00;2,27;0,77;14,70
0,00;8,69;0,00;2,27;0,46;14,70
0,00;7,84;0,00;2,27;0,46;13,53
0,00;7,84;0,00;1,78;0,46;13,53
0,00;8,42;0,00;1,78;0,46;14,60
0,00;8,42;0,00;1,78;0,46;14,60
0,00;8,42;0,00;2,51;0,46;15,33
0,00;8,42;0,00;2,11;0,46;14,93
0,00;7,65;0,00;1,56;0,46;13,62
0,00;7,35;0,00;1,86;0,46;13,62
0,00;7,35;0,00;1,86;0,46;14,09
0,00;7,35;0,00;2,35;0,46;14,58
0,00;8,17;0,00;2,35;0,46;14,91
0,00;8,17;0,00;2,35;0,00;14,44
0,00;8,17;0,00;2,35;0,00;14,44
0,00;8,17;0,00;1,93;0,00;14,02
0,00;8,17;0,00;1,93;0,00;14,02
0,00;8,17;0,00;1,44;0,00;13,99
0,00;6,66;0,00;2,40;0,00;13,45
0,00;6,66;0,00;2,40;0,00;13,45
0,00;6,66;0,00;2,40;0,00;13,45
0,00;6,66;0,00;1,94;0,00;12,98
0,00;6,66;0,00;1,94;0,00;12,98
0,00;6,66;0,00;1,94;0,00;12,98
0,00;6,63;0,00;1,94;0,00;12,95
0,00;6,63;0,00;1,94;0,00;12,95
0,00;5,62;0,00;1,94;0,00;12,92
0,00;6,11;0,00;1,14;0,30;12,49
0,00;6,11;0,00;1,14;0,30;12,92
0,00;6,11;0,00;1,14;0,30;13,40
0,00;6,11;0,00;1,14;0,30;13,40
0,00;6,11;0,00;1,14;0,30;13,40
0,00;5,79;0,00;1,14;0,30;13,08
0,00;5,79;0,00;1,14;0,30;13,08
0,00;5,79;0,00;1,14;0,30;13,08
0,00;5,79;0,00;1,14;0,30;13,08
0,00;5,79;0,00;1,14;0,77;13,55
0,00;5,73;0,00;1,14;0,77;13,80
0,00;5,73;0,00;1,14;0,77;13,80
0,00;5,73;0,00;1,14;0,77;13,80
0,00;5,73;0,00;1,59;0,77;14,25
0,00;5,24;0,00;1,62;0,77;14,25
0,00;5,24;0,00;1,62;0,77;14,25
0,00;5,24;0,00;1,62;0,77;14,25
0,00;5,24;0,00;1,62;1,23;14,71
0,00;5,24;0,00;1,62;1,23;15,14
0,00;4,74;0,00;2,09;0,77;14,64
0,00;4,27;0,00;1,60;1,25;14,17
0,00;4,27;0,00;1,14;1,72;14,17
0,00;4,27;0,00;1,14;1,72;14,62
0,00;3,94;0,00;1,14;1,72;15,07
0,00;3,94;0,00;1,14;1,72;15,07
0,00;3,45;0,00;2,09;1,25;15,07
0,00;3,94;0,00;2,09;0,77;15,07
0,00;3,94;0,00;1,62;0,77;14,60
0,00;4,60;0,00;1,62;0,77;14,94
0,00;4,17;0,00;1,62;0,77;14,94
0,00;4,17;0,00;2,17;0,77;15,48
0,00;4,17;0,00;2,17;0,77;14,99
0,00;4,17;0,00;2,17;0,77;15,51
0,00;4,17;0,00;2,17;0,77;15,51
0,00;4,72;0,00;2,17;0,77;15,97
0,00;4,72;0,00;2,57;0,77;16,37
0,00;4,72;0,00;2,57;0,77;16,37
0,00;4,72;0,00;2,57;0,77;16,37
0,00;4,72;0,00;2,57;0,77;16,37
0,00;4,72;0,00;2,57;0,46;16,50
0,00;4,72;0,00;2,57;0,46;15,56
0,00;4,27;0,00;2,57;0,46;15,12
0,00;4,27;0,00;2,03;0,46;14,57
0,00;4,70;0,00;2,03;1,38;15,04
0,00;4,70;0,00;2,03;1,38;15,46
0,00;4,70;0,00;1,62;1,85;15,53
0,00;4,70;0,00;1,62;1,85;15,53
0,00;4,15;0,00;1,62;1,40;14,98
0,00;3,72;0,00;1,62;1,40;14,63
0,00;4,18;0,00;1,62;1,38;14,63
0,00;3,85;0,00;1,62;0,93;15,08
0,00;3,85;0,00;1,14;0,93;14,59
0,00;3,52;0,00;1,14;1,27;14,59
0,00;3,52;0,00;0,80;1,27;14,26
0,00;3,52;0,00;0,80;1,27;14,26
0,00;4,06;0,00;0,80;1,27;14,81
0,00;4,55;0,00;0,80;1,27;15,30
0,00;4,98;0,00;0,80;1,27;14,69
0,00;5,31;0,00;1,23;0,93;14,79
0,00;4,42;0,00;1,23;0,93;13,89
0,00;3,99;0,00;1,23;0,47;13,00
0,00;4,48;0,00;1,23;0,47;13,49
0,00;3,93;0,00;1,23;0,47;13,49
0,00;3,93;0,00;1,23;0,97;13,99
0,00;3,93;0,00;1,23;0,97;14,42
0,00;3,93;0,00;1,23;0,97;14,42
0,00;3,93;0,00;1,23;0,97;14,42
0,00;3,93;0,00;1,23;0,97;14,90
0,00;3,93;0,00;1,23;0,97;14,36
0,00;3,93;0,00;1,23;0,97;14,36
0,00;3,93;0,00;1,23;0,97;14,36
0,00;3,93;0,00;1,23;0,97;14,36
0,00;3,93;0,00;1,23;0,97;14,36
0,00;3,93;0,00;1,23;0,97;14,36
0,00;3,93;0,00;1,23;0,97;14,36
0,00;3,93;0,00;1,23;0,97;14,90
0,00;3,93;0,00;1,23;0,97;14,90
0,00;3,93;0,00;0,80;0,97;14,47
0,00;3,93;0,00;0,80;0,97;14,47
0,00;3,93;0,00;0,80;0,97;14,47
0,00;3,93;0,00;0,80;0,47;13,97
0,00;3,05;0,00;0,80;0,47;13,97
0,00;2,56;0,00;1,29;0,47;13,97
0,00;3,11;0,00;1,29;0,47;14,47
0,00;3,11;0,00;2,33;0,47;14,46
0,00;3,11;0,00;2,33;0,47;14,46
0,00;3,11;0,00;2,33;0,47;14,86
0,00;3,11;0,00;2,94;0,47;15,47
0,00;3,11;0,00;2,94;0,47;15,47
0,00;3,11;0,00;2,89;0,47;15,97
0,00;3,11;0,00;2,89;0,47;15,97
0,00;3,11;0,00;2,89;0,47;15,97
0,00;2,50;0,00;3,22;0,47;16,15
0,00;2,50;0,00;3,22;0,47;16,15
0,00;2,50;0,00;3,68;0,96;16,64
0,00;2,50;0,00;3,68;0,96;16,64
0,00;2,50;0,00;3,07;1,57;16,64
0,00;2,50;0,00;3,07;0,96;16,64
0,00;1,95;0,00;3,07;0,96;16,64
0,00;1,95;0,00;3,07;1,48;17,16
0,00;1,95;0,00;3,07;1,48;17,16
0,00;1,95;0,00;3,07;1,48;17,16
0,00;1,95;0,00;3,07;1,48;17,16
0,00;1,95;0,00;3,07;1,01;17,14
0,00;1,95;0,00;3,07;1,46;17,64
0,00;1,95;0,00;3,07;1,46;17,36
0,00;1,95;0,00;3,07;1,46;17,97
0,00;1,95;0,00;3,07;1,46;17,84
0,00;2,08;0,00;3,07;1,95;18,45
0,00;2,57;0,00;3,57;1,95;19,91
0,00;2,57;0,00;3,57;1,95;19,44
0,00;1,47;0,00;3,57;1,95;18,83
0,00;1,47;0,00;3,57;2,56;20,02
0,00;0,92;0,00;3,57;2,56;19,47
0,00;0,92;0,00;3,57;1,95;19,47
0,00;0,92;0,00;3,57;1,95;19,47
0,00;0,92;0,00;3,57;1,95;19,47
0,00;0,92;0,00;3,57;1,95;19,47
0,00;0,92;0,00;3,57;1,95;20,08
0,00;0,49;0,00;3,57;1,95;20,08
0,00;0,49;0,00;3,57;1,95;20,08
0,00;0,49;0,00;3,57;1,95;20,08
0,00;0,49;0,00;3,57;1,95;20,08
0,00;0,93;0,00;4,02;1,50;20,52
0,00;0,93;0,00;4,02;1,50;20,52
0,00;0,93;0,00;4,02;1,50;20,07
0,00;0,93;0,00;4,02;1,50;20,07
0,00;0,93;0,00;4,02;1,50;20,54
0,00;0,93;0,00;4,02;1,50;20,54
0,00;0,93;0,00;4,02;1,50;20,54
0,00;0,93;0,00;3,57;1,95;20,84
0,00;0,93;0,00;4,01;1,95;20,80
0,00;0,93;0,00;4,01;1,95;20,80
0,00;0,93;0,00;4,01;1,93;21,23
0,00;0,93;0,00;4,48;1,93;21,23
0,00;0,93;0,00;4,48;1,93;21,23
0,00;0,93;0,00;4,91;1,93;21,66
0,00;0,93;0,00;4,91;1,93;21,11
0,00;1,36;0,00;4,47;1,93;21,11
0,00;1,36;0,00;4,00;1,93;21,11
0,00;1,36;0,00;4,00;1,93;21,11
0,00;1,36;0,00;4,00;1,93;21,11
0,00;1,36;0,00;4,00;1,93;21,11
0,00;1,36;0,00;4,00;1,93;21,11
0,00;1,36;0,00;4,00;1,93;21,11
0,00;1,36;0,00;4,00;1,93;21,11
0,00;1,36;0,00;4,00;1,93;21,11
0,00;1,36;0,00;4,00;1,93;21,61
0,00;1,36;0,00;4,47;1,93;21,18
0,00;1,36;0,00;4,47;1,93;21,18
0,00;1,36;0,00;4,04;2,36;21,18
0,00;1,36;0,00;3,57;2,81;21,18
0,00;1,36;0,00;3,57;2,81;21,18
0,00;1,36;0,00;3,57;2,81;21,18
0,00;1,36;0,00;3,57;3,11;21,49
0,00;1,36;0,00;3,57;3,11;21,49
0,00;1,36;0,00;3,08;2,66;20,55
0,00;1,36;0,00;3,08;2,66;20,15
0,00;1,36;0,00;3,08;2,66;20,15
0,00;1,36;0,00;3,08;2,23;20,15
0,00;1,36;0,00;3,08;2,23;20,15
0,00;1,36;0,00;3,08;2,23;20,15
0,00;1,36;0,00;3,55;2,23;20,15
0,00;1,36;0,00;3,55;2,23;20,15
0,00;1,36;0,00;4,08;1,71;20,15
0,00;1,36;0,00;4,54;1,71;20,61
0,00;0,93;0,00;4,98;1,71;21,52
0,00;1,33;0,00;4,98;1,71;21,92
0,00;1,33;0,00;4,51;1,71;21,92
0,00;1,33;0,00;4,51;1,71;21,92
0,00;1,33;0,00;4,51;1,71;21,92
0,00;1,33;0,00;4,51;1,71;21,92
0,00;1,33;0,00;4,51;2,16;22,37
0,00;1,33;0,00;4,07;3,07;22,85
0,00;1,33;0,00;4,07;3,07;22,38
0,00;1,33;0,00;4,07;3,07;22,38
0,00;1,33;0,00;4,05;2,32;21,62
0,00;1,33;0,00;4,05;2,32;22,04
0,00;1,78;0,00;3,20;2,32;21,64
0,00;1,78;0,00;3,20;2,32;21,15
0,00;1,33;0,00;3,20;2,77;20,65
0,00;1,33;0,00;3,20;2,77;21,20
0,00;1,80;0,00;3,20;2,77;21,67
0,00;1,80;0,00;3,20;2,77;21,67
0,00;1,40;0,00;3,20;2,77;21,37
0,00;1,40;0,00;4,10;2,32;21,37
0,00;1,40;0,00;4,10;2,32;21,37
0,00;1,40;0,00;4,10;2,79;21,37
0,00;2,35;0,00;4,10;2,79;21,37
0,50;2,35;0,00;4,10;2,79;22,33
0,50;2,35;0,00;4,10;2,32;22,33
0,00;2,35;0,00;4,10;2,82;22,33
0,00;2,35;0,00;4,10;2,82;22,33
0,00;2,35;0,00;4,60;2,32;22,33
0,00;2,35;0,00;4,60;2,32;22,33
0,00;2,35;0,00;4,60;2,32;22,33
0,00;2,35;0,00;4,60;2,79;22,33
0,40;2,39;0,00;4,15;2,79;22,33
0,40;2,39;0,00;3,65;3,76;22,79
0,40;1,94;0,00;3,65;4,20;22,79
0,40;1,94;0,00;3,65;4,20;23,20
0,40;1,94;0,00;3,19;3,73;23,20
0,40;1,94;0,00;3,19;3,73;23,50
0,40;1,94;0,00;3,62;3,73;23,93
0,40;2,86;0,00;3,62;3,29;23,82
0,83;2,86;0,00;4,14;3,29;24,31
0,83;2,86;0,00;4,14;3,78;23,91
0,83;2,39;0,00;4,14;3,78;24,39
0,86;2,79;0,00;4,14;3,78;24,71
0,86;3,26;0,00;4,54;3,78;25,11
0,86;3,26;0,00;4,54;3,78;25,11
0,86;3,74;0,00;4,54;3,78;25,11
0,86;4,38;0,00;4,54;3,78;25,75
0,43;4,06;0,00;5,36;3,29;25,75
0,43;4,06;0,00;5,36;3,29;25,75
0,43;3,95;0,00;5,36;3,29;25,30
0,43;4,76;0,00;4,86;3,29;24,72
0,43;5,24;0,00;5,16;3,29;25,50
0,43;5,56;0,00;5,30;3,29;26,30
0,43;5,56;0,00;5,30;3,76;26,77
0,43;5,24;0,00;4,84;4,22;26,47
0,43;5,69;0,00;4,84;4,22;26,91
0,43;5,99;0,00;4,54;4,22;26,91
0,43;6,47;0,00;4,54;4,22;27,83
0,43;6,93;0,00;4,54;4,22;28,28
0,43;6,48;0,00;4,99;4,55;28,62
0,43;6,48;0,00;4,02;5,00;28,62
0,43;6,91;0,00;4,02;5,00;29,04
0,93;6,91;0,00;4,02;4,57;29,11
0,93;6,91;0,00;5,04;4,07;29,11
0,93;6,44;0,00;5,04;4,07;29,11
0,93;6,43;0,00;5,04;4,07;29,11
0,50;6,86;0,00;5,49;3,62;29,25
0,50;6,43;0,00;4,90;4,12;29,68
0,50;6,77;0,00;4,45;3,62;29,07
0,50;6,32;0,00;4,90;3,93;29,84
0,50;6,32;0,00;4,90;3,93;29,84
0,50;5,99;0,00;5,33;3,93;30,27
0,50;6,45;0,00;5,82;3,93;31,21
0,50;6,45;0,00;6,47;3,93;31,21
0,50;6,45;0,00;5,98;4,41;31,21
0,50;6,44;0,00;5,33;4,11;31,21
0,50;6,44;0,00;5,33;4,11;31,64
0,50;6,44;0,00;5,82;4,27;31,64
0,50;6,44;0,00;5,82;4,27;31,03
1,15;6,44;0,00;5,01;3,62;30,28
1,15;6,44;0,00;5,01;3,13;30,28
0,50;7,05;0,00;5,01;3,13;29,97
0,50;7,05;0,00;4,52;3,63;28,61
0,50;7,05;0,00;5,04;3,63;28,92
0,00;7,09;0,00;5,04;3,63;29,97
0,00;7,09;0,00;5,04;3,63;30,54
0,00;7,09;0,00;5,04;3,63;29,66
0,50;7,09;0,00;5,04;3,63;29,66
0,50;7,09;0,00;5,49;3,63;30,11
0,50;6,51;0,00;6,07;3,63;30,11
0,50;6,21;0,00;6,37;3,63;30,63
0,50;6,69;0,00;6,37;3,63;30,63
0,50;6,69;0,00;6,37;4,11;31,11
0,50;7,75;0,00;5,79;3,63;30,68
0,50;7,75;0,00;5,79;4,13;31,17
0,50;7,45;0,00;4,86;4,13;30,39
0,50;6,87;0,00;6,22;3,64;30,21
0,50;6,40;0,00;6,22;3,14;30,27
0,50;6,87;0,00;6,22;2,65;30,27
0,50;6,87;0,00;6,22;2,65;30,27
0,50;6,87;0,00;5,93;3,13;31,07
0,50;6,87;0,00;5,93;3,13;31,07
0,50;7,75;0,00;5,98;3,59;31,96
0,50;7,75;0,00;5,98;3,59;31,96
0,50;7,31;0,00;5,94;3,13;31,01
0,50;7,42;0,00;6,48;3,56;31,26
0,50;7,42;0,00;6,82;3,23;30,51
0,50;7,02;0,00;5,84;3,23;29,68
0,50;7,52;0,00;5,84;2,76;30,50
0,50;7,63;0,00;5,26;2,76;30,50
0,50;8,10;0,00;5,96;2,76;31,96
0,50;8,59;0,00;5,96;2,76;32,45
0,50;8,59;0,00;5,96;2,76;32,45
0,50;8,59;0,00;5,96;2,76;32,45
0,00;9,14;0,00;5,66;2,76;32,86
0,00;8,59;0,00;6,15;2,76;32,47
0,50;9,00;0,00;6,63;2,28;32,47
0,50;9,42;0,00;7,12;2,28;32,90
0,50;9,42;0,00;6,67;2,72;32,90
0,95;9,42;0,00;6,67;2,28;32,90
0,50;9,42;0,00;6,67;2,28;32,90
0,50;9,91;0,00;6,22;2,28;32,44
0,50;9,91;0,00;6,70;2,28;32,93
0,50;9,91;0,00;7,11;2,28;33,33
0,50;9,41;0,00;8,05;2,28;33,80
0,50;8,74;0,00;7,72;2,28;33,83
0,00;8,74;0,00;7,32;2,77;33,43
0,40;8,74;0,00;7,75;2,81;34,29
0,88;8,30;0,00;8,19;2,33;33,84
0,88;7,85;0,00;8,19;2,33;33,21
0,48;7,85;0,00;8,59;2,33;33,69
0,00;7,85;0,00;9,52;2,33;34,14
0,45;7,85;0,00;9,07;2,33;34,14
0,45;9,19;0,00;8,16;2,36;34,57
0,00;10,60;0,00;8,60;1,90;35,88
0,00;10,60;0,00;8,08;2,36;35,37
0,00;10,12;0,00;8,57;2,36;35,82
0,00;9,77;0,00;8,45;2,83;35,82
0,00;9,34;0,00;8,01;3,26;34,93
0,00;9,18;0,00;8,50;3,26;35,39
0,00;8,69;0,00;8,49;3,26;35,38
0,00;8,69;0,00;8,96;3,26;35,38
0,00;8,69;0,00;8,96;3,26;35,38
0,00;8,21;0,00;8,96;4,18;35,82
0,49;8,21;0,00;8,00;4,18;35,82
0,49;8,21;0,00;7,35;4,68;35,82
0,94;8,69;0,00;7,35;4,68;36,36
0,94;8,25;0,45;7,35;4,68;36,91
0,49;9,26;0,45;7,35;4,77;36,91
0,00;7,87;0,45;7,84;4,77;36,96
0,00;7,44;0,00;8,27;4,22;36,92
0,00;6,98;0,00;8,73;4,66;36,97
0,00;6,98;0,00;8,73;4,66;36,94
0,00;6,98;0,00;8,73;4,66;37,37
0,00;6,98;0,00;8,73;4,66;37,37
0,00;7,44;0,00;8,27;4,66;37,37
0,00;7,44;0,00;8,27;4,66;37,77
0,00;7,44;0,00;8,77;4,16;38,17
0,00;7,45;0,00;7,81;4,16;36,76
0,00;7,45;0,00;7,81;4,16;35,98
0,00;8,49;0,00;7,34;4,16;35,98
0,00;8,49;0,00;7,34;4,16;36,47
0,00;8,49;0,00;7,34;4,16;36,47
0,00;8,49;0,00;7,89;3,73;36,06
0,00;8,00;0,00;7,49;3,73;35,66
0,00;8,00;0,00;7,99;3,23;34,73
0,00;8,00;0,00;7,99;3,68;34,73
0,00;7,50;0,00;7,99;4,13;34,24
0,00;7,50;0,00;7,99;4,13;34,24
0,00;7,50;0,00;7,56;3,70;33,35
0,00;7,50;0,00;7,56;3,25;33,35
0,00;8,97;0,00;7,07;3,25;32,35
0,00;8,97;0,00;6,19;3,25;32,35
0,00;8,97;0,00;6,19;3,25;32,35
0,00;8,97;0,00;6,19;3,25;32,35
0,00;8,97;0,00;6,19;3,25;32,35
0,00;8,02;0,00;6,65;2,81;31,34
0,00;8,02;0,00;6,65;3,24;31,31
0,00;8,14;0,00;6,65;3,24;31,43
0,61;7,65;0,00;6,65;3,71;32,51
0,61;7,70;0,00;6,65;3,71;32,02
0,61;7,70;0,00;6,65;3,27;31,58
0,61;8,25;0,00;6,65;3,27;32,13
0,61;8,83;0,00;6,17;3,27;32,22
0,00;8,83;0,00;5,87;3,88;32,22
0,00;8,34;0,00;6,48;3,27;32,22
0,00;8,77;0,00;5,87;3,88;32,17
0,61;8,28;0,00;5,87;3,27;32,16
0,61;8,28;0,00;5,87;3,27;32,59
0,61;8,60;0,00;6,17;3,73;34,22
0,61;9,57;0,00;5,67;3,73;35,14
0,61;9,87;0,00;5,36;4,23;35,17
0,61;9,57;0,00;5,66;3,76;34,70
0,61;10,05;0,00;5,73;3,76;34,70
1,16;11,51;0,00;5,24;3,76;35,65
1,16;11,51;0,00;5,70;4,20;36,11
1,16;11,51;0,00;5,15;4,20;36,11
1,16;10,56;0,00;5,64;4,20;35,64
1,16;10,56;0,00;6,08;4,20;36,08
1,16;10,56;0,00;6,08;4,20;36,08
1,16;10,01;0,00;6,08;3,76;36,08
1,16;9,52;0,00;5,59;4,19;36,03
1,16;9,52;0,00;5,59;4,19;36,61
1,16;10,31;0,00;5,14;5,17;37,13
1,16;9,98;0,00;5,14;5,17;37,23
1,16;9,98;0,00;6,60;3,79;37,32
1,11;11,94;0,00;6,10;3,35;37,81
1,11;10,41;0,00;6,17;3,35;37,38
0,61;10,95;0,00;5,23;3,84;36,93
0,00;11,54;0,00;5,23;3,37;36,48
0,00;12,03;0,00;5,23;3,37;36,97
0,00;12,03;0,00;5,23;3,37;36,97
0,00;12,03;0,00;5,73;3,37;36,97
0,00;12,03;0,00;5,73;3,37;36,97
0,00;12,45;0,00;6,20;3,37;37,82
0,00;12,45;0,00;5,73;3,37;36,92
0,00;12,95;0,00;5,24;3,37;37,44
0,00;12,95;0,00;4,77;3,37;37,44
0,00;12,45;0,00;5,20;3,37;37,38
0,00;12,94;0,00;5,20;3,37;36,49
0,00;12,02;0,00;5,20;3,37;36,49
0,30;12,02;0,00;5,36;3,37;35,99
0,30;11,09;0,00;5,36;3,37;35,99
0,30;12,00;0,00;5,36;3,37;35,99
0,00;12,00;0,00;5,36;3,37;36,46
0,00;12,47;0,00;5,66;3,37;36,93
0,00;12,01;0,00;5,66;3,37;36,40
0,00;12,97;0,00;5,17;3,37;36,93
0,00;12,50;0,00;5,64;3,37;36,93
0,00;12,38;0,00;5,15;3,37;37,24
0,00;11,89;0,00;4,41;3,68;37,10
0,00;12,35;0,00;4,52;3,68;37,68
0,00;12,35;0,00;4,52;3,68;37,68
0,00;12,82;0,00;4,52;3,68;36,89
0,00;13,75;0,00;4,52;4,11;37,63
0,00;13,75;0,00;4,52;4,11;37,63
0,00;13,20;0,00;4,83;3,81;36,63
0,00;14,22;0,00;3,94;4,11;36,63
0,58;13,64;0,00;3,94;4,11;36,63
0,58;13,16;0,00;3,94;4,60;36,15
0,58;13,16;0,00;4,43;4,11;36,63
0,58;13,16;0,00;4,43;3,68;37,59
0,58;13,16;0,00;4,43;3,68;38,05
0,58;13,16;0,00;4,43;3,68;38,09
0,58;13,16;0,00;4,43;3,68;38,55
0,58;13,16;0,00;4,74;2,93;38,55
0,00;12,75;0,00;5,01;3,23;38,55
0,00;12,75;0,00;5,48;3,23;38,12
0,00;12,73;0,00;5,14;3,23;38,95
0,00;12,73;0,00;5,14;3,23;38,79
0,00;12,73;0,00;5,14;3,23;38,85
0,00;12,73;0,00;5,14;3,23;38,85
0,00;12,78;0,00;5,14;2,71;38,85
0,00;13,68;0,00;5,14;2,71;37,89
0,00;13,68;0,00;4,65;2,71;37,60
0,00;14,14;0,00;4,18;2,71;37,94
0,00;14,14;0,00;4,18;2,71;38,43
0,00;14,08;0,00;4,71;2,71;39,36
0,00;14,60;0,00;4,61;2,71;39,09
0,00;14,60;0,00;4,61;2,71;39,09
0,00;14,60;0,00;4,61;2,71;39,09
0,00;15,04;0,00;4,61;2,71;39,53
0,00;15,04;0,00;4,61;2,71;38,98
0,00;15,44;0,00;4,61;2,71;38,98
0,00;15,44;0,00;4,61;2,71;40,03
0,00;15,27;0,00;3,09;3,14;39,69
0,00;14,67;0,00;2,13;4,24;38,77
0,00;14,20;0,00;2,13;4,24;39,23
0,00;14,62;0,00;2,13;4,24;38,32
0,00;14,62;0,00;2,13;4,24;37,85
0,00;14,62;0,00;2,13;4,24;37,85
0,00;14,62;0,00;2,13;4,24;37,85
0,00;14,62;0,00;1,64;4,73;37,85
0,00;14,62;0,00;1,64;4,73;37,85
0,00;14,16;0,00;1,64;4,73;36,96
0,00;14,16;0,00;1,64;4,73;36,96
0,00;14,68;0,00;2,08;4,20;37,40
0,00;12,55;0,00;2,98;4,70;37,07
0,00;11,39;0,00;3,59;4,70;36,67
0,00;9,52;0,00;4,08;4,20;35,75
0,00;9,43;0,00;4,85;3,90;35,17
0,96;10,01;0,00;4,85;3,90;35,75
0,96;10,01;0,00;4,85;3,90;35,80
0,00;9,54;0,00;4,85;4,86;35,33
0,00;9,54;0,00;4,85;4,74;35,40
0,00;9,57;0,00;4,85;3,77;35,90
0,00;9,51;0,00;4,85;3,47;35,90
0,00;9,01;0,00;5,81;4,46;35,90
0,00;8,47;0,00;5,81;4,89;36,33
0,00;7,86;0,00;5,34;3,81;36,78
0,00;7,86;0,00;4,86;3,81;36,29
0,00;8,11;0,00;4,86;3,81;35,96
0,00;8,60;0,00;4,86;3,32;35,96
0,00;8,49;0,00;4,86;3,90;35,96
0,00;7,53;0,00;4,36;3,90;35,86
0,00;6,47;0,00;4,36;4,38;34,76
0,00;6,47;0,00;4,76;4,87;35,20
0,00;6,00;0,00;4,76;5,36;35,25
0,00;6,45;0,00;4,76;5,36;35,25
0,00;6,45;0,00;4,76;4,87;34,11
0,00;7,49;0,00;4,32;4,29;33,68
0,00;7,49;0,00;4,32;4,29;33,34
0,00;7,49;0,00;4,32;4,35;34,01
0,00;7,01;0,00;4,81;4,81;34,48
0,00;7,01;0,00;5,31;4,31;34,48
0,00;7,43;0,00;4,93;5,23;35,26
0,00;7,43;0,00;4,44;5,26;34,41
0,00;7,43;0,00;3,92;5,26;34,41
0,00;7,43;0,00;4,41;4,29;33,94
0,00;7,96;0,00;4,41;4,29;34,38
0,00;7,04;0,00;3,94;5,66;34,84
0,00;7,51;0,00;3,94;5,66;34,84
0,00;7,91;0,00;4,38;5,66;34,69
0,00;7,89;0,00;4,88;5,66;35,71
0,00;7,42;0,00;5,34;5,19;35,71
0,00;7,75;0,00;4,91;5,76;36,62
0,00;7,75;0,00;4,91;5,27;36,62
0,00;7,75;0,00;5,34;5,27;36,13
0,00;8,22;0,00;5,34;5,27;36,13
0,00;8,22;0,00;5,34;5,27;36,13
0,00;8,22;0,00;5,34;5,27;36,13
0,00;9,14;0,00;5,34;5,27;37,05
0,00;9,14;0,00;5,34;5,27;36,44
0,00;9,14;0,00;5,34;5,27;37,35
0,00;9,14;0,00;4,85;5,27;37,35
0,00;8,19;0,00;4,85;5,27;37,35
0,00;8,19;0,00;4,85;5,85;37,93
0,00;7,73;0,00;4,41;6,79;36,32
0,00;8,20;0,00;4,41;6,79;37,94
0,00;8,20;0,00;5,34;7,29;37,83
0,00;8,20;0,00;5,34;7,32;37,37
0,00;7,76;0,00;5,34;7,77;37,37
0,00;7,76;0,00;5,34;7,77;37,37
0,00;7,76;0,00;5,34;7,77;37,98
0,00;7,76;0,00;5,34;7,77;37,18
0,00;8,22;0,00;5,34;7,77;37,65
0,00;8,67;0,00;5,34;7,32;37,21
0,00;8,20;0,00;5,34;6,87;36,76
0,00;8,67;0,00;5,34;7,31;37,17
0,00;8,67;0,00;5,39;7,31;36,82
0,58;8,69;0,00;4,28;7,03;36,82
0,58;8,69;0,00;3,82;7,90;36,89
0,58;9,73;0,00;3,71;7,50;36,43
0,58;9,26;0,00;3,71;8,00;36,53
0,58;9,26;0,00;3,27;8,00;37,37
0,58;9,28;0,00;3,27;8,44;37,44
0,58;9,28;0,00;3,71;8,44;37,44
0,58;9,75;0,00;3,71;8,44;37,91
0,58;9,75;0,00;3,71;8,44;37,45
0,58;9,58;0,00;3,88;8,00;37,45
0,58;9,58;0,00;3,88;8,00;37,45
0,58;10,19;0,00;3,27;7,51;36,95
0,58;10,20;0,00;2,80;7,02;36,92
0,58;10,20;0,00;2,80;7,02;36,42
0,58;10,20;0,00;2,80;7,02;36,92
0,58;10,20;0,00;2,80;7,02;36,92
0,58;10,20;0,00;3,38;7,02;36,92
0,58;10,20;0,00;3,38;7,47;36,37
0,00;10,65;0,00;3,38;8,00;36,37
0,00;10,65;0,00;3,38;7,54;36,35
0,00;12,31;0,00;2,71;7,13;37,19
0,00;12,31;0,00;2,71;7,13;36,79
0,00;12,31;0,00;2,71;7,54;37,12
0,00;12,31;0,00;2,71;7,13;36,72
0,00;12,31;0,00;3,17;6,69;36,69
0,00;12,31;0,00;3,17;6,69;36,19
0,00;10,85;0,00;3,17;8,15;36,19
0,00;8,87;0,00;3,17;8,47;35,77
0,00;10,18;0,00;3,17;8,02;36,16
0,00;10,18;0,00;3,17;8,95;37,09
0,00;8,90;0,00;4,49;9,38;37,11
0,00;8,90;0,00;4,98;9,35;37,09
0,00;8,29;0,00;5,93;9,38;37,89
0,00;8,29;0,00;5,93;8,92;37,43
0,00;8,29;0,00;5,93;8,92;37,12
0,00;8,29;0,00;5,93;8,48;37,29
0,00;8,90;0,00;5,72;8,95;37,67
0,00;8,90;0,00;5,72;8,95;37,67
0,00;8,94;0,00;6,12;9,40;38,12
0,00;8,01;0,00;6,73;9,40;37,36
0,00;8,01;0,00;6,73;9,40;37,36
0,00;8,62;0,00;5,79;9,40;37,36
0,43;8,04;0,00;5,39;9,83;39,09
0,00;8,04;0,00;5,39;10,13;39,09
0,00;8,44;0,00;4,98;9,83;38,79
0,00;7,95;0,00;4,97;9,83;38,79
0,00;7,95;0,00;4,97;9,83;38,79
0,00;7,53;0,00;4,97;10,26;38,79
0,00;7,53;0,00;4,97;10,26;38,79
0,00;7,85;0,00;4,97;9,79;38,22
0,00;7,85;0,00;4,97;9,79;38,22
0,43;7,24;0,00;4,97;10,56;39,91
0,43;7,85;0,00;5,03;10,56;39,47
0,43;7,85;0,00;5,03;10,56;39,03
0,43;8,33;0,00;5,51;10,08;39,51
0,43;8,81;0,00;5,03;10,08;39,51
0,43;8,31;0,00;4,08;10,57;38,04
0,43;8,31;0,00;4,08;10,57;38,53
0,43;8,81;0,00;4,08;10,57;38,04
0,00;8,81;0,00;4,08;11,02;38,49
0,00;9,14;0,00;3,58;11,02;38,82
0,43;8,82;0,00;3,58;11,02;38,87
0,43;8,82;0,00;3,58;10,57;38,43
0,43;9,32;0,00;4,54;10,57;40,28
0,00;9,32;0,00;4,54;10,57;39,96
0,00;9,64;0,00;4,54;10,57;39,85
0,00;9,64;0,00;4,54;10,57;39,85
0,00;9,03;0,00;5,14;10,57;39,85
0,00;9,03;0,00;5,14;10,57;39,73
0,00;9,03;0,00;5,14;10,57;39,56
0,00;9,24;0,00;5,14;10,57;40,11
0,00;9,11;0,00;5,14;10,57;39,79
0,00;8,68;0,00;5,14;11,02;40,25
0,00;9,75;0,00;5,93;10,57;40,77
0,00;9,75;0,00;5,93;10,57;41,18
0,00;9,75;0,00;5,43;10,57;41,18
0,00;10,23;0,00;5,43;11,03;42,13
0,00;10,23;0,00;4,94;11,03;42,19
0,61;9,14;0,00;5,43;11,03;42,65
0,61;9,68;0,00;5,43;10,57;42,19
1,08;9,68;0,00;5,89;11,03;43,14
1,08;9,35;0,00;5,89;11,03;43,14
0,49;9,96;0,00;5,88;11,03;42,71
0,49;9,96;0,00;6,88;11,03;43,14
0,49;10,02;0,00;7,77;11,03;45,01
0,49;10,04;0,00;7,77;11,03;44,54
0,49;10,49;0,00;6,91;11,05;45,01
0,49;10,49;0,00;7,87;11,05;45,01
0,49;9,95;0,00;7,87;11,05;45,01
0,49;8,56;0,00;7,84;11,05;43,62
0,49;9,95;0,00;7,79;11,50;45,90
0,50;10,38;0,49;7,29;11,50;45,90
0,50;10,38;0,49;6,87;11,50;45,46
0,50;10,68;0,49;7,20;11,00;46,09
0,50;10,68;0,49;7,20;11,00;46,09
0,50;10,38;0,49;7,20;11,00;46,70
0,50;10,71;0,49;7,29;11,00;46,20
0,50;11,32;0,49;7,69;11,00;47,54
0,50;11,32;0,49;8,10;10,54;47,48
0,50;10,28;0,49;7,67;10,54;46,55
0,50;10,40;0,49;7,66;10,54;46,23
0,50;10,72;0,49;7,96;10,54;47,05
0,50;10,72;0,49;7,96;10,54;46,55
0,50;10,72;0,49;7,96;10,54;46,55
0,50;10,72;0,49;7,96;10,54;46,05
0,50;10,72;0,49;7,07;10,54;45,65
0,50;10,72;0,49;7,07;10,54;46,61
0,50;10,72;0,49;7,53;10,54;46,12
0,50;11,26;0,49;7,53;10,54;46,12
0,50;11,26;0,49;7,96;10,54;46,99
0,50;11,67;0,49;8,05;10,54;47,46
0,50;11,67;0,83;7,63;10,54;47,88
0,50;11,67;0,83;8,05;10,07;47,84
0,00;12,16;0,83;8,05;10,07;48,30
0,00;12,16;0,83;8,57;10,01;49,34
0,00;12,16;0,83;9,02;10,01;50,22
0,00;11,71;0,83;9,05;10,01;49,72
0,00;11,71;0,83;9,87;10,05;51,01
0,00;11,71;0,83;9,87;10,51;51,47
0,43;12,04;0,34;11,25;10,05;51,97
0,43;12,04;0,34;10,79;10,05;52,39
0,00;12,04;0,34;11,70;10,05;52,88
0,00;12,04;0,34;11,70;10,05;52,88
0,00;12,04;0,34;11,70;10,55;53,38
0,00;12,04;0,34;11,28;11,03;53,86
0,00;12,04;0,34;11,28;11,03;53,86
0,00;12,96;0,34;11,28;10,57;53,85
0,00;12,96;0,34;11,70;10,99;54,28
0,00;12,96;0,34;11,70;11,94;54,80
0,00;12,96;0,34;12,13;11,94;54,37
0,00;12,96;0,34;13,03;11,94;55,70
0,00;12,35;0,34;12,60;11,89;55,09
0,00;11,86;0,34;12,60;12,35;55,09
0,00;11,86;0,34;12,60;12,79;55,53
0,00;11,86;0,34;12,60;12,79;55,93
0,00;11,86;0,34;12,30;12,79;55,35
0,00;12,92;0,34;12,74;12,79;55,80
0,00;12,46;0,34;12,74;12,79;56,28
0,00;12,46;0,34;12,27;12,79;55,82
0,00;13,07;0,34;11,84;12,21;55,85
0,00;13,07;0,34;10,93;12,21;55,85
0,00;13,07;0,34;10,93;12,21;55,38
0,00;13,07;0,34;11,35;12,21;54,94
0,00;12,62;0,83;11,35;12,21;54,44
0,00;12,29;0,83;11,02;12,21;54,44
0,00;12,81;0,83;10,60;12,21;54,44
0,00;12,81;0,83;10,60;11,81;54,04
0,00;12,81;0,83;10,60;11,81;54,04
0,00;13,21;0,34;10,68;12,29;54,98
0,00;13,21;0,34;10,68;12,29;54,98
0,00;13,54;0,34;11,11;12,29;54,98
0,00;13,06;0,34;11,11;12,29;54,98
0,00;13,51;0,34;11,11;12,29;55,00
0,00;13,51;0,34;11,54;12,29;55,55
0,00;13,94;0,34;11,11;12,29;55,55
0,50;13,91;0,34;10,64;12,29;54,94
0,50;14,37;0,34;10,18;12,29;54,94
0,00;14,87;0,34;10,64;12,29;55,40
0,00;14,87;0,34;10,64;12,29;55,72
0,00;14,32;0,34;10,21;12,29;55,72
0,00;14,77;0,34;10,19;12,75;56,18
0,00;14,77;0,34;11,21;13,22;57,09
0,00;14,77;0,34;11,21;13,22;57,09
0,00;14,77;0,34;10,32;13,22;57,09
0,00;14,77;0,34;10,32;13,22;57,09
0,00;16,63;0,34;10,32;9,70;56,61
0,00;16,69;0,34;10,32;9,22;56,61
0,00;16,19;0,34;11,25;8,72;57,06
1,11;15,58;0,34;11,25;8,22;56,56
0,50;16,01;0,34;11,25;7,92;56,68
0,50;16,01;0,34;10,82;7,92;56,68
0,50;15,98;0,34;10,82;7,92;56,11
0,50;15,98;0,34;10,82;7,92;56,11
0,50;15,98;0,34;10,82;7,92;56,60
0,50;16,45;0,34;10,82;7,92;56,93
0,50;16,06;0,34;10,79;8,34;56,46
0,50;14,64;0,34;10,36;8,34;55,98
0,50;14,64;0,34;10,85;8,34;55,98
0,50;15,11;0,34;10,85;8,84;55,98
0,50;15,10;0,00;10,36;8,41;55,98
1,41;14,22;0,00;11,67;7,98;55,98
1,41;15,14;0,00;11,67;8,39;57,37
0,92;15,58;0,00;11,67;8,39;56,83
1,41;15,03;0,00;12,15;8,69;58,07
0,92;14,60;0,00;12,15;9,17;58,55
0,92;14,16;0,00;11,66;10,10;58,55
1,35;14,16;0,00;11,66;10,59;58,66
0,92;14,60;0,00;11,66;10,59;58,66
0,92;14,60;0,00;11,20;10,59;57,74
0,92;14,64;0,49;11,20;9,62;57,29
0,50;14,78;1,01;11,20;10,48;58,39
0,50;14,29;1,01;11,20;10,97;58,85
0,00;14,79;0,52;11,20;10,97;58,85
0,43;14,30;0,00;11,72;10,54;58,36
0,43;15,25;0,00;11,75;11,01;59,81
0,43;15,27;0,00;11,75;10,54;58,87
1,45;15,27;0,00;11,21;10,54;59,35
1,45;15,27;0,00;11,71;10,08;59,85
1,45;15,27;0,00;11,71;9,62;60,59
1,45;15,77;0,00;11,21;9,12;60,83
1,45;16,35;0,00;10,11;9,64;61,41
1,45;16,78;0,52;9,66;9,57;61,84
1,45;16,20;0,00;9,66;10,59;61,84
1,45;16,20;0,00;9,66;10,59;61,84
1,45;16,20;0,00;9,66;10,59;61,84
1,02;16,20;0,00;10,09;10,59;61,84
1,02;15,73;0,00;10,09;10,59;62,15
1,02;15,73;0,00;10,09;10,59;62,48
1,02;15,73;0,00;10,99;11,01;63,35
1,02;15,73;0,00;10,89;9,64;63,25
1,02;15,73;0,00;11,44;9,64;63,79
1,02;16,20;0,00;10,95;9,64;63,31
1,02;16,20;0,00;10,95;10,07;63,73
1,94;15,75;0,00;11,41;10,52;63,75
1,94;15,75;0,00;11,41;10,03;64,15
1,94;15,26;0,00;11,41;10,03;64,15
1,02;16,13;0,00;10,55;10,03;64,15
1,02;16,13;0,00;11,00;9,58;64,05
1,02;16,62;0,00;11,40;9,09;64,45
1,02;16,29;0,00;12,38;9,09;65,43
1,02;16,79;0,00;11,89;9,09;64,94
1,02;16,30;0,00;11,89;9,09;64,94
1,02;16,30;0,00;11,89;9,54;65,39
1,45;16,30;0,00;11,82;10,04;65,35
1,93;16,30;0,00;11,33;9,15;64,93
1,93;15,81;0,00;11,33;8,63;64,87
1,93;15,81;0,00;11,33;8,63;64,87
1,93;15,81;0,00;11,33;8,63;64,87
1,93;15,81;0,00;11,33;9,11;64,87
1,93;16,27;0,00;11,33;9,11;64,47
2,48;16,27;0,00;11,88;9,11;65,56
2,48;16,27;0,00;11,88;9,11;65,56
2,48;16,73;0,00;11,42;9,54;65,56
2,48;16,30;0,00;11,85;9,54;65,96
2,97;15,81;0,00;11,41;9,54;65,96
3,41;14,97;0,00;10,97;10,46;65,96
3,41;14,91;0,00;10,99;10,49;65,97
3,41;15,85;0,00;10,50;10,01;65,57
3,41;15,36;0,00;10,97;10,92;66,46
3,41;15,94;0,00;10,97;10,92;66,87
3,41;16,87;0,00;10,97;10,00;66,87
3,41;16,74;0,00;10,55;10,00;66,49
3,41;16,74;0,00;10,55;10,00;66,49
3,41;16,74;0,00;10,55;10,42;67,32
3,41;16,74;0,00;10,55;10,00;67,32
3,41;16,74;0,00;10,55;10,52;67,85
3,41;15,82;0,00;10,55;10,97;67,85
3,99;16,25;0,00;10,15;10,97;68,43
3,99;16,19;0,00;9,72;11,49;68,95
4,45;16,27;0,00;9,22;11,98;69,44
4,45;15,85;0,00;9,22;11,98;69,86
3,99;15,85;0,00;9,68;11,50;69,40
3,53;16,81;0,00;10,06;11,80;68,93
3,53;16,26;0,00;10,06;11,80;68,93
3,06;15,83;0,00;10,06;12,27;68,97
3,06;16,70;0,00;10,96;12,27;69,82
3,06;17,07;0,00;10,96;11,78;69,82
3,06;17,07;0,00;10,48;11,78;68,92
2,04;17,12;0,00;10,97;12,24;68,92
2,04;17,12;0,00;11,29;12,24;68,92
2,04;18,01;0,00;10,85;12,67;69,79
2,04;18,06;0,00;11,31;12,24;68,92
2,04;18,96;0,00;10,46;12,67;68,50
2,04;19,43;0,00;10,46;12,24;68,01
2,04;19,43;0,00;10,46;11,80;67,58
1,46;20,01;0,00;10,00;11,37;67,14
1,46;20,12;0,00;10,05;10,47;66,23
1,46;21,05;0,00;8,62;10,91;66,68
1,46;21,05;0,00;8,16;10,87;65,68
1,46;21,05;0,00;8,59;10,87;65,79
1,46;19,58;0,00;8,59;11,34;64,62
1,89;19,58;0,00;8,59;11,34;65,25
2,47;19,00;0,00;8,59;11,34;64,93
2,47;18,53;0,00;8,59;12,26;65,69
2,47;18,53;0,00;7,78;12,26;65,69
2,47;18,69;0,00;7,78;12,26;65,26
2,47;18,20;0,00;8,27;12,26;65,26
2,47;19,68;0,00;8,27;11,83;65,69
2,47;19,73;0,00;7,78;11,83;65,26
2,95;19,27;0,00;7,77;12,32;65,72
2,95;19,66;0,00;8,23;12,32;67,08
2,95;19,99;0,00;8,68;11,83;66,65
2,95;20,88;0,00;8,22;11,83;66,22
2,95;20,81;0,00;8,22;11,83;66,57
2,95;20,81;0,00;8,22;11,36;67,18
2,95;19,43;0,00;8,71;11,36;67,66
2,95;19,92;0,00;8,22;11,36;67,20
2,95;18,99;0,00;8,68;11,83;67,20
2,37;20,51;0,00;8,23;10,84;67,20
2,82;21,38;0,00;8,23;10,38;67,22
2,82;21,83;0,00;7,68;9,91;67,24
2,82;20,95;0,00;8,14;9,91;67,73
1,42;22,34;0,00;8,14;9,91;68,20
1,42;21,89;0,00;8,14;9,91;67,68
1,42;21,85;0,00;8,14;9,02;65,85
1,42;23,08;0,00;7,73;8,55;65,97
2,00;22,50;0,48;7,73;8,55;66,37
2,49;22,95;0,48;7,30;8,55;66,66
2,49;23,06;0,48;7,30;7,19;65,73
2,49;23,06;0,48;7,73;7,59;65,68
2,49;23,81;0,48;7,73;7,11;64,31
2,49;23,27;0,48;7,73;7,11;63,56
2,49;23,32;0,48;7,68;7,11;64,39
2,49;24,45;0,48;7,68;7,11;64,39
3,04;24,45;0,48;7,24;7,11;64,81
1,46;25,03;0,48;7,24;7,11;63,32
2,46;24,90;0,48;7,24;7,11;63,90
2,46;25,36;0,48;7,24;7,11;63,86
2,46;25,36;0,48;7,68;7,11;64,29
3,00;24,81;0,48;7,68;7,11;62,42
3,00;25,22;0,00;7,68;7,11;62,85
3,00;25,22;0,00;7,24;7,11;63,80
3,44;24,75;0,00;7,24;7,11;62,75
3,44;24,75;0,00;6,41;7,11;62,76
3,44;25,18;0,00;6,81;6,68;63,69
3,44;25,62;0,00;6,81;7,61;64,62
3,44;24,71;0,00;8,19;7,61;63,62
3,84;24,47;0,00;7,79;7,61;63,07
4,32;25,28;0,00;7,73;7,61;63,07
4,32;25,56;0,00;8,20;7,61;63,38
4,32;26,45;0,00;7,31;7,61;63,86
4,27;26,36;0,48;5,87;8,54;62,87
4,27;25,89;0,00;4,99;9,00;60,59
3,41;26,83;0,00;4,55;8,50;60,08
3,41;26,83;0,00;4,55;8,04;59,28
2,96;26,83;0,00;5,00;8,04;59,28
2,47;27,31;0,49;4,54;8,50;59,75
2,47;27,85;0,49;4,54;9,00;59,70
2,47;28,26;0,00;5,04;7,58;58,76
2,47;28,26;0,00;5,04;7,58;58,76
2,47;28,26;0,49;5,04;7,58;58,33
2,96;28,26;0,00;3,52;8,07;58,06
2,96;28,26;0,00;3,08;8,06;57,65
2,96;26,88;0,00;3,08;8,98;55,78
2,96;26,42;0,00;3,08;8,54;55,33
2,96;26,85;0,00;3,08;9,06;56,30
2,96;26,85;0,00;3,08;8,16;56,30
2,96;25,92;0,00;3,96;7,27;56,30
2,96;25,92;0,00;3,96;7,76;56,80
3,54;26,39;0,00;3,96;7,76;56,30
3,54;27,30;0,00;3,96;8,23;57,24
3,54;27,30;0,00;3,53;8,23;57,34
3,54;26,83;0,00;3,53;8,23;57,82
3,54;27,29;0,00;4,02;7,77;58,30
3,54;27,29;0,00;4,02;7,77;58,76
3,54;27,76;0,00;4,02;7,77;58,76
3,93;28,78;0,00;3,08;6,77;58,22
3,38;28,78;0,00;3,08;6,77;57,25
3,87;28,78;0,00;3,08;6,28;57,25
3,87;28,78;0,00;3,56;5,79;57,25
3,87;28,78;0,00;2,61;6,28;57,68
3,87;27,39;0,00;2,61;6,75;57,68
3,87;27,39;0,00;2,61;6,75;57,68
3,38;27,39;0,00;2,61;7,23;56,82
3,38;28,30;0,00;2,61;7,23;57,67
3,38;28,76;0,00;2,61;6,77;56,81
2,84;28,76;0,00;2,61;7,21;56,26
2,84;29,26;0,00;2,61;6,71;56,24
2,84;29,26;0,00;2,61;6,74;56,72
2,84;28,84;0,00;2,61;6,74;55,87
2,84;28,84;0,00;2,61;6,74;55,87
2,84;28,83;0,00;2,61;6,26;55,25
2,84;29,29;0,00;2,61;6,26;55,25
2,84;28,80;0,00;2,61;6,75;55,75
2,84;28,80;0,00;2,61;6,75;56,17
2,29;28,34;0,00;2,61;6,75;55,62
2,29;27,87;0,00;2,61;6,75;55,75
2,29;27,87;0,00;2,61;6,75;56,17
2,29;27,47;0,00;2,21;6,75;54,94
2,29;26,48;0,00;2,21;7,22;54,52
2,73;22,32;0,00;3,19;7,22;51,91
3,22;18,12;0,00;4,68;7,22;51,51
3,67;16,09;0,00;4,19;8,19;50,12
4,17;14,50;0,00;3,69;8,19;49,09
4,17;14,12;0,00;4,12;8,95;48,75
3,67;13,69;0,00;4,12;8,95;48,65
3,67;13,69;0,00;4,12;8,48;48,18
3,67;12,79;0,00;4,08;8,48;47,84
3,23;13,23;0,00;4,08;8,98;46,84
3,23;13,30;0,00;4,98;8,98;46,07
3,23;13,26;0,00;4,98;8,98;46,50
3,23;12,18;0,00;4,98;8,98;46,03
3,23;11,73;0,00;4,98;8,98;46,03
3,23;11,25;0,00;4,98;8,98;46,03
3,23;10,94;0,00;4,98;8,48;45,16
3,71;10,01;0,00;4,98;8,48;44,26
3,71;10,01;0,00;4,98;8,48;43,83
3,71;10,01;0,00;4,98;8,48;43,33
3,71;9,03;0,00;5,48;8,54;42,57
3,71;8,60;0,00;5,48;8,54;42,14
3,67;8,64;0,00;5,48;8,54;42,14
3,67;8,16;0,00;4,98;9,52;42,14
3,67;8,16;0,00;4,98;9,52;42,14
3,67;7,58;0,00;4,98;8,95;40,59
3,67;7,58;0,00;4,98;7,93;39,57
3,67;7,15;0,00;4,98;7,93;38,67
3,23;7,59;0,00;4,98;7,05;37,33
3,23;7,59;0,00;4,98;7,05;37,33
3,23;7,15;0,00;4,98;7,05;36,89
3,23;7,15;0,00;4,51;7,05;36,79
3,23;6,72;0,00;4,51;6,56;36,30
2,78;6,25;0,00;4,51;6,56;35,38
2,78;6,25;0,00;4,51;6,56;35,38
2,78;6,25;0,00;4,09;6,56;34,95
2,78;6,72;0,00;3,62;6,56;34,95
2,20;6,72;0,00;3,62;6,56;34,37
2,20;6,72;0,00;3,62;6,07;33,88
2,20;6,72;0,00;3,22;6,07;33,48
2,20;5,93;0,00;3,22;6,07;33,12
2,20;5,93;0,00;3,22;6,07;32,81
2,20;5,93;0,00;3,22;6,07;32,38
2,20;5,93;0,00;3,22;6,07;32,38
2,20;6,40;0,00;3,22;5,77;32,07
2,65;5,95;0,00;3,22;5,28;31,15
2,20;6,40;0,00;3,22;4,82;30,68
2,20;5,43;0,00;3,22;4,82;30,18
2,62;6,40;0,00;2,80;4,51;30,38
2,62;6,80;0,00;2,80;4,01;30,08
2,62;6,80;0,00;2,33;4,01;29,62
3,08;6,80;0,00;2,33;4,01;29,62
2,65;6,80;0,00;2,33;3,94;29,12
2,65;6,80;0,00;2,88;3,94;29,67
2,65;6,36;0,00;3,38;3,44;29,23
3,08;6,36;0,00;2,33;3,52;28,73
2,62;6,36;0,00;2,33;3,52;28,28
2,62;5,89;0,00;2,33;3,52;27,81
2,20;5,89;0,00;2,33;3,52;27,38
2,20;5,89;0,00;2,33;3,52;27,38
1,77;5,42;0,00;2,76;3,52;27,38
1,37;4,97;0,00;2,27;3,52;25,57
1,37;4,97;0,00;2,27;3,03;25,57
1,37;4,97;0,00;2,34;2,96;25,02
1,37;4,97;0,00;2,34;2,96;25,57
1,37;4,97;0,00;2,34;2,96;25,57
1,37;5,42;0,00;2,34;2,96;25,57
1,37;5,42;0,00;2,84;2,96;25,57
1,37;5,42;0,00;3,30;2,96;26,03
1,87;5,42;0,00;2,81;2,51;25,09
1,87;5,88;0,00;2,34;2,51;25,22
1,87;5,88;0,00;2,34;2,51;24,69
1,87;5,42;0,00;2,34;2,97;24,08
1,87;5,42;0,00;2,34;2,97;24,08
1,83;5,91;0,00;1,86;2,51;23,60
1,38;5,91;0,00;1,82;2,55;22,64
1,38;5,91;0,00;1,82;2,55;22,64
1,38;5,91;0,00;2,28;2,55;22,64
1,38;5,45;0,00;2,30;2,55;22,19
1,38;5,45;0,00;2,30;2,55;21,19
1,38;5,45;0,00;2,30;2,55;21,19
1,38;4,55;0,00;1,84;2,06;20,27
1,38;5,02;0,00;1,84;2,06;20,27
1,38;5,02;0,00;1,84;2,06;20,27
1,38;5,02;0,00;1,84;2,06;20,27
1,38;5,02;0,00;1,84;2,06;19,72
1,38;5,42;0,00;1,42;2,06;18,83
1,38;5,42;0,00;1,42;1,60;18,37
1,38;4,46;0,00;1,42;1,60;17,41
1,38;4,46;0,00;1,42;1,60;17,04
1,38;4,46;0,00;1,42;1,60;17,04
1,38;4,46;0,00;1,42;1,60;17,04
0,49;4,46;0,00;1,42;1,60;16,15
0,49;4,46;0,00;1,42;1,60;16,15
0,49;4,46;0,00;1,42;1,60;15,12
0,00;4,46;0,00;0,95;1,60;14,63
0,00;5,34;0,00;0,50;1,16;14,63
0,00;5,34;0,00;0,50;1,16;14,63
0,00;5,34;0,00;0,50;1,16;14,63
0,00;4,84;0,00;0,50;1,16;14,13
0,00;4,84;0,00;0,97;1,16;14,13
0,00;4,44;0,00;0,97;1,16;13,71
0,00;4,44;0,00;0,97;1,16;13,39
0,00;4,44;0,00;0,97;1,16;12,89
0,00;4,44;0,00;0,97;1,16;12,89
0,00;3,97;0,00;0,97;1,16;12,46
0,00;4,44;0,00;0,97;1,16;12,04
0,00;4,44;0,00;0,97;1,16;12,04
0,00;4,44;0,00;0,97;1,16;12,04
0,00;4,44;0,00;0,97;1,16;12,04
0,00;4,44;0,00;0,97;1,16;12,04
0,00;4,44;0,00;0,97;1,16;12,59
0,00;4,44;0,00;0,97;1,16;12,59
0,00;4,44;0,00;0,97;1,16;12,59
0,00;4,44;0,00;0,97;1,16;12,59
0,00;4,98;0,00;0,97;1,16;12,59
0,00;4,98;0,00;0,97;1,16;12,18
0,00;4,98;0,00;0,97;1,16;12,18
0,00;4,98;0,00;0,97;1,16;11,87
0,00;4,98;0,00;0,97;1,16;11,87
0,00;4,98;0,00;0,97;1,16;11,87
0,00;4,98;0,00;0,97;1,16;11,87
0,00;4,98;0,00;0,97;1,16;11,87
0,00;4,53;0,00;0,97;1,16;11,41
0,00;4,13;0,00;0,97;1,16;11,41
0,00;3,28;0,00;0,97;1,61;11,01
0,00;3,28;0,00;0,97;1,61;11,01
0,00;3,28;0,00;0,97;1,61;11,01
0,00;3,25;0,00;0,97;1,61;11,46
0,00;3,70;0,00;0,97;0,76;11,06
0,00;3,72;0,00;0,97;0,76;11,06
0,00;3,72;0,00;0,97;0,76;11,06
0,00;4,13;0,00;0,97;0,76;11,06
0,00;4,13;0,00;0,97;0,76;11,06
0,00;4,13;0,00;0,97;0,76;11,06
0,00;4,13;0,00;0,97;0,76;11,06
0,00;3,70;0,00;0,97;0,33;10,19
0,00;3,29;0,00;0,97;0,33;9,79
0,00;3,29;0,00;0,97;0,33;9,79
0,00;3,29;0,00;0,97;0,33;9,79
0,00;3,29;0,00;0,97;0,33;9,79
0,00;2,75;0,00;0,97;0,33;9,24
0,00;2,75;0,00;0,97;0,33;9,24
0,00;2,75;0,00;0,97;0,33;9,24
0,00;2,75;0,00;0,97;0,33;9,24
0,00;2,75;0,00;0,97;0,33;8,80
0,00;2,75;0,00;0,97;0,00;8,46
0,00;2,75;0,00;0,97;0,00;8,46
0,00;2,75;0,00;0,97;0,00;8,46
0,00;2,75;0,00;0,97;0,00;8,46
0,00;2,75;0,00;0,97;0,00;8,46
0,00;2,75;0,00;0,97;0,00;8,46
0,00;2,75;0,00;0,97;0,00;8,46
0,00;2,30;0,00;0,97;0,00;8,02
0,00;2,30;0,00;0,97;0,00;7,55
0,00;2,30;0,00;0,50;0,00;7,08
0,00;2,30;0,00;0,50;0,00;7,08
0,00;2,30;0,00;0,50;0,00;7,08
0,00;2,30;0,00;0,50;0,00;7,08
0,00;2,30;0,00;0,50;0,00;7,08
0,00;2,30;0,00;0,50;0,00;7,08
0,00;2,30;0,00;0,50;0,00;7,08
0,00;2,30;0,00;0,50;0,00;7,08
0,00;2,30;0,00;0,50;0,00;7,08
0,00;2,30;0,00;0,50;0,00;7,08
0,00;1,83;0,00;0,50;0,00;6,61
0,00;1,83;0,00;0,50;0,00;6,61
0,00;1,83;0,00;0,50;0,00;6,61
0,00;1,83;0,00;0,50;0,00;6,61
0,00;1,83;0,00;0,50;0,00;6,61
0,00;1,83;0,00;0,50;0,00;6,61
0,00;1,83;0,00;0,50;0,00;6,61
0,00;0,98;0,00;0,50;0,00;5,76
0,00;0,98;0,00;0,50;0,00;5,76
0,00;0,98;0,00;0,50;0,00;5,76
0,00;0,98;0,00;0,50;0,00;5,76
0,00;0,98;0,00;0,50;0,00;5,76
0,00;0,98;0,00;0,50;0,00;5,76
0,00;0,98;0,00;0,50;0,00;5,76
0,00;0,98;0,00;0,50;0,00;5,76
0,00;0,98;0,00;0,50;0,00;5,36
0,00;0,98;0,00;0,50;0,00;5,36
0,00;0,98;0,00;0,50;0,00;5,36
0,00;0,98;0,00;0,50;0,00;5,36
0,00;0,98;0,00;0,50;0,00;5,36
0,00;0,98;0,00;0,50;0,00;5,76
0,00;0,98;0,00;0,50;0,00;5,76
0,00;0,98;0,00;0,50;0,00;5,76
0,00;0,98;0,00;0,50;0,00;5,76
0,00;0,98;0,00;0,50;0,00;5,76
0,00;0,98;0,00;0,50;0,00;5,76
0,00;0,98;0,00;0,50;0,00;5,28
0,00;0,98;0,00;0,50;0,00;5,28
0,00;0,98;0,00;0,50;0,00;5,28
0,00;0,98;0,00;0,50;0,00;5,60
0,00;0,98;0,00;0,50;0,00;5,60
0,00;0,98;0,00;0,50;0,40;5,60
0,00;0,98;0,00;0,50;0,40;5,60
0,00;0,98;0,00;0,50;0,40;5,60
0,00;0,98;0,00;0,50;0,40;5,10
0,00;0,98;0,00;0,50;0,40;5,10
0,00;0,98;0,00;0,50;0,40;5,10
0,00;0,98;0,00;0,50;0,40;5,55
0,00;0,98;0,00;0,50;0,40;5,55
0,00;0,98;0,00;0,50;0,40;5,55
0,00;0,98;0,00;0,50;0,40;5,55
0,00;0,98;0,00;0,50;0,40;5,55
0,00;0,98;0,00;0,50;0,40;5,25
0,00;0,98;0,00;0,50;0,40;5,25
0,00;0,98;0,00;0,50;0,40;5,25
0,00;0,98;0,00;0,50;0,40;5,25
0,00;0,98;0,00;0,50;0,40;5,25
0,00;0,98;0,00;0,50;0,40;5,25
0,00;0,98;0,00;0,50;0,40;5,25
0,00;0,98;0,00;0,50;0,40;5,25
0,00;0,98;0,00;0,50;0,40;5,25
0,00;0,98;0,00;0,50;0,00;4,36
0,00;0,98;0,00;0,50;0,00;4,36
0,00;0,98;0,00;0,50;0,00;4,36
0,00;0,98;0,00;0,50;0,00;3,96
0,00;1,44;0,00;0,50;0,00;4,42
0,00;1,44;0,00;0,50;0,00;4,42
0,00;1,44;0,00;0,50;0,00;4,42
0,00;1,44;0,00;0,50;0,00;4,42
0,00;1,44;0,00;0,50;0,00;4,42
0,00;1,44;0,00;0,50;0,00;4,42
0,00;1,44;0,00;0,50;0,00;4,42
0,00;1,44;0,00;0,50;0,00;4,42
0,00;1,44;0,00;0,50;0,00;4,42
0,00;1,44;0,00;0,50;0,00;4,42
0,00;1,44;0,00;0,50;0,00;4,11
0,00;1,44;0,00;0,50;0,00;4,11
0,00;1,44;0,00;0,50;0,00;4,11
0,00;1,44;0,00;0,50;0,00;4,11
0,00;0,98;0,00;0,50;0,00;3,64
0,00;0,98;0,00;0,50;0,00;3,64
0,00;0,98;0,00;0,50;0,00;3,64
0,00;0,98;0,00;0,50;0,00;3,64
0,00;1,42;0,00;0,50;0,00;4,08
0,00;1,42;0,00;0,50;0,00;4,08
0,00;1,42;0,00;0,50;0,00;4,08
0,00;1,42;0,00;0,50;0,00;4,08
0,00;1,42;0,00;0,50;0,00;4,08
0,00;1,42;0,00;0,50;0,00;4,08
0,00;1,42;0,00;0,50;0,00;4,08
0,00;1,42;0,00;0,50;0,00;4,08
0,00;1,42;0,00;0,50;0,00;4,08
0,00;1,42;0,00;0,50;0,00;4,08
0,00;1,42;0,00;0,50;0,00;4,08
0,00;1,42;0,00;0,50;0,00;4,08
0,00;1,42;0,00;0,50;0,00;4,08
0,00;1,42;0,00;0,50;0,00;4,08
0,00;1,42;0,00;0,50;0,00;4,08
0,00;1,42;0,00;0,50;0,00;4,08
0,00;1,91;0,00;0,50;0,00;4,58
0,00;1,91;0,00;0,50;0,00;4,58
0,00;1,91;0,00;0,50;0,00;4,58
0,00;1,91;0,00;0,50;0,00;4,58
0,00;1,91;0,00;0,50;0,00;4,26
0,00;1,91;0,00;0,50;0,00;4,26
0,00;1,91;0,00;0,50;0,00;4,26
0,00;1,91;0,00;0,50;0,00;4,26
0,00;1,91;0,00;0,50;0,00;4,26
0,00;1,91;0,00;0,50;0,00;4,26
0,00;0,98;0,00;0,50;0,50;4,26
0,00;0,98;0,00;0,50;0,50;4,26
0,00;0,98;0,00;0,50;0,50;4,26
0,00;0,98;0,00;0,50;0,50;4,26
0,44;0,98;0,00;0,50;0,50;4,26
0,44;0,98;0,00;0,50;0,50;4,26
0,44;0,98;0,00;0,50;0,50;3,79
0,00;0,98;0,00;0,50;0,50;3,38
0,00;0,98;0,00;0,50;0,50;3,38
0,44;0,98;0,00;0,50;0,00;3,38
0,44;0,98;0,00;0,50;0,00;2,89
0,44;0,98;0,00;0,50;0,00;2,89
0,00;1,42;0,00;0,50;0,00;2,89
0,00;1,42;0,00;0,50;0,00;2,89
0,00;1,42;0,00;0,50;0,00;2,89
0,00;1,42;0,00;0,50;0,00;2,89
0,00;1,42;0,00;0,50;0,00;2,89
0,00;1,42;0,00;0,50;0,00;2,89
0,00;1,42;0,00;0,50;0,00;2,89
0,00;1,42;0,00;0,50;0,00;2,89
0,00;1,42;0,00;0,50;0,00;2,89
0,00;1,42;0,00;0,50;0,00;2,89
0,00;1,42;0,00;0,50;0,00;2,89
0,00;1,42;0,00;0,50;0,00;2,89
0,00;1,42;0,00;0,50;0,00;2,89
0,00;1,42;0,00;0,50;0,00;2,89
0,00;1,42;0,00;0,50;0,00;2,89
0,00;1,42;0,00;0,50;0,00;2,89
0,00;1,42;0,00;0,50;0,00;2,89
0,00;1,42;0,00;0,50;0,00;2,89
0,00;1,42;0,00;0,50;0,00;2,89
0,00;1,42;0,00;0,50;0,00;2,89
0,00;1,42;0,00;0,50;0,00;2,89
0,00;1,42;0,00;0,50;0,00;2,89
0,00;1,42;0,00;0,50;0,00;2,89
0,00;1,42;0,00;0,50;0,00;2,89
0,00;1,42;0,00;0,50;0,00;2,89
0,00;1,42;0,00;0,50;0,00;2,89
0,45;1,42;0,00;0,50;0,00;2,89
0,45;1,42;0,00;0,50;0,00;2,89
0,45;1,42;0,00;0,50;0,00;2,89
0,45;1,42;0,00;0,50;0,00;2,89
0,45;1,42;0,00;0,50;0,00;2,89
0,45;1,42;0,00;0,50;0,00;2,89
0,45;1,42;0,00;0,50;0,00;2,89
0,45;1,42;0,00;0,50;0,00;2,89
0,45;1,42;0,00;0,50;0,00;2,89
0,45;1,42;0,00;0,50;0,00;2,89
0,45;1,42;0,00;0,50;0,00;2,89
0,45;1,42;0,00;0,50;0,00;2,89
0,45;1,42;0,00;0,50;0,00;2,89
0,45;1,42;0,00;0,50;0,00;2,89
0,45;1,42;0,00;0,50;0,00;2,89
0,45;1,42;0,00;0,50;0,00;2,89
0,45;1,42;0,00;0,50;0,00;2,89
0,45;1,42;0,00;0,50;0,00;2,89
0,45;1,42;0,00;0,50;0,00;2,89
0,45;1,42;0,00;0,50;0,00;2,89
0,45;1,42;0,00;0,50;0,00;2,89
0,45;0,98;0,00;0,50;0,00;2,89
0,45;1,42;0,00;0,50;0,00;2,89
0,45;1,42;0,00;0,50;0,00;2,89
0,45;1,42;0,00;0,50;0,00;2,89
0,45;1,42;0,00;0,50;0,00;3,29
0,45;1,72;0,00;0,50;0,00;3,59
0,45;1,72;0,00;0,50;0,00;3,59
0,45;1,72;0,00;0,50;0,00;3,59
0,45;1,72;0,00;0,50;0,00;3,59
0,45;1,72;0,00;0,50;0,00;3,59
0,45;1,72;0,00;0,50;0,00;3,59
0,45;1,72;0,00;0,50;0,00;3,59
0,45;1,29;0,00;0,50;0,00;3,16
0,45;1,29;0,00;0,50;0,00;3,16
0,45;0,85;0,00;0,50;0,00;3,16
0,45;1,29;0,00;0,50;0,00;3,16
0,45;1,29;0,00;0,50;0,00;3,16
0,45;1,29;0,00;0,50;0,00;3,16
0,45;1,29;0,00;0,50;0,00;3,16
0,45;1,29;0,00;0,50;0,00;3,16
0,45;1,29;0,00;0,50;0,00;3,16
0,45;1,29;0,00;0,50;0,00;3,16
0,45;1,29;0,00;0,50;0,00;3,16
0,45;1,29;0,00;0,50;0,00;3,16
0,45;1,29;0,00;0,50;0,00;3,16
0,00;1,74;0,00;0,50;0,00;3,16
0,00;1,74;0,00;0,50;0,00;3,16
0,00;1,74;0,00;0,50;0,00;3,16
0,00;1,30;0,00;0,50;0,00;3,16
0,00;1,74;0,00;0,00;0,00;2,66
0,00;1,74;0,00;0,00;0,00;2,66
0,00;1,74;0,00;0,00;0,00;2,66
0,00;1,74;0,00;0,00;0,00;2,66
0,00;2,17;0,00;0,00;0,00;3,09
0,00;2,17;0,00;0,00;0,00;3,09
0,00;2,17;0,00;0,00;0,00;3,09
0,00;2,17;0,00;0,00;0,00;3,09
0,00;2,17;0,00;0,00;0,00;3,09
0,00;2,17;0,00;0,00;0,00;3,09
0,00;2,17;0,00;0,00;0,00;3,09
0,00;2,17;0,00;0,00;0,00;3,09
0,00;2,17;0,00;0,00;0,00;3,09
0,00;2,17;0,00;0,00;0,00;3,09
0,00;2,17;0,00;0,00;0,00;3,09
0,00;2,17;0,00;0,00;0,00;3,09
0,00;2,17;0,00;0,00;0,00;3,09
0,00;2,17;0,00;0,00;0,00;3,09
0,00;2,17;0,00;0,00;0,00;3,09
0,00;2,17;0,00;0,00;0,00;3,09
0,00;2,17;0,00;0,00;0,00;3,09
0,00;2,17;0,00;0,00;0,00;3,09
0,00;2,17;0,00;0,00;0,00;3,41
0,00;2,17;0,00;0,00;0,00;3,41
0,00;2,17;0,00;0,00;0,00;3,41
0,45;1,72;0,00;0,00;0,00;3,41
0,45;1,72;0,00;0,00;0,00;3,41
0,45;1,72;0,00;0,00;0,00;3,41
0,45;1,72;0,00;0,00;0,00;3,41
0,45;1,72;0,00;0,00;0,00;3,41
0,00;2,17;0,00;0,00;0,00;3,41
0,00;2,17;0,00;0,00;0,00;3,41
0,00;2,17;0,00;0,00;0,00;3,41
0,00;2,17;0,00;0,00;0,00;3,41
0,00;2,17;0,00;0,00;0,00;3,41
0,00;2,17;0,00;0,00;0,00;3,41
0,00;2,17;0,00;0,00;0,00;3,41
0,00;2,17;0,00;0,00;0,00;3,41
0,00;2,17;0,00;0,00;0,00;3,41
0,45;2,17;0,00;0,00;0,00;3,86
0,45;2,17;0,00;0,00;0,00;3,86
0,45;2,17;0,00;0,00;0,00;3,86
0,45;2,17;0,00;0,00;0,00;3,86
0,45;2,17;0,00;0,00;0,00;3,86
0,45;2,17;0,00;0,00;0,00;3,86
0,45;2,17;0,00;0,00;0,00;3,86
0,45;2,17;0,00;0,00;0,00;3,86
0,45;2,17;0,00;0,00;0,00;3,86
0,45;2,17;0,00;0,00;0,00;3,86
0,45;2,17;0,00;0,00;0,00;3,86
0,45;2,17;0,00;0,00;0,00;3,86
0,45;2,17;0,00;0,00;0,00;3,86
0,45;2,66;0,00;0,00;0,00;4,35
0,45;2,66;0,00;0,00;0,00;4,35
0,45;2,66;0,00;0,00;0,00;4,35
0,45;2,66;0,00;0,00;0,00;4,35
0,45;2,12;0,00;0,00;0,00;4,35
0,45;2,54;0,00;0,00;0,00;4,78
0,00;3,93;0,00;0,00;0,00;5,71
0,00;3,93;0,00;0,00;0,00;5,71
0,00;3,93;0,00;0,00;0,00;5,71
0,45;3,48;0,00;0,00;0,00;5,71
0,00;3,48;0,00;0,00;0,00;5,71
0,45;3,48;0,00;0,00;0,00;5,71
0,45;3,04;0,00;0,00;0,00;5,71
0,45;3,48;0,00;0,00;0,00;5,71
0,45;3,48;0,00;0,00;0,00;5,71
0,45;3,48;0,00;0,00;0,00;5,71
0,45;3,48;0,00;0,00;0,00;5,71
0,00;3,93;0,00;0,00;0,00;5,71
0,00;3,93;0,00;0,00;0,00;5,71
0,00;3,93;0,00;0,00;0,00;5,71
0,00;3,93;0,00;0,00;0,00;5,71
0,00;3,93;0,00;0,00;0,00;5,71
0,00;4,47;0,00;0,00;0,00;5,71
0,00;4,47;0,00;0,00;0,00;5,71
0,00;4,47;0,00;0,00;0,00;5,71
0,00;4,47;0,00;0,00;0,00;5,71
0,00;4,93;0,00;0,00;0,00;6,17
0,00;4,48;0,00;0,00;0,00;6,17
0,45;4,03;0,00;0,00;0,00;6,17
0,45;4,03;0,00;0,00;0,00;5,85
0,45;4,03;0,00;0,00;0,00;6,33
0,45;3,49;0,00;0,00;0,00;6,33

