[  PERIODOS BÁSICOS  ] (Total Domicílios|Grande Salvador|30/05/2022|Live|Rat%|All)
0,00;7,44;0,00;0,00;0,00;11,71
0,00;8,28;0,00;0,00;0,00;11,71
0,00;9,30;0,00;0,00;0,00;12,36
0,00;9,68;0,00;0,00;0,41;12,74
0,00;9,27;0,00;0,00;0,41;12,74
0,00;8,91;0,00;0,00;0,41;13,18
0,00;8,91;0,00;0,00;0,41;13,18
0,00;8,91;0,00;0,00;0,41;13,18
0,00;9,39;0,00;0,00;0,41;13,66
0,00;9,07;0,00;0,00;0,41;13,35
0,00;9,94;0,00;0,00;0,41;13,44
0,00;10,28;0,00;0,00;0,41;13,78
0,00;9,94;0,00;0,00;0,78;13,80
0,00;9,99;0,00;0,00;1,14;14,21
0,00;9,99;0,00;0,00;1,14;14,21
0,00;10,32;0,00;0,00;1,51;14,92
0,00;9,54;0,00;0,00;1,51;14,12
0,00;10,77;0,00;0,00;1,09;14,51
0,00;10,85;0,00;0,31;1,09;15,31
0,00;10,68;0,00;0,31;1,09;15,57
0,00;10,27;0,00;0,31;1,09;15,92
0,00;9,78;0,00;0,67;1,09;15,79
0,00;10,41;0,00;0,67;0,78;16,11
0,00;10,41;0,00;0,67;0,78;16,11
0,00;10,41;0,00;0,67;1,07;16,40
0,00;10,84;0,00;0,67;1,07;16,40
0,00;11,16;0,00;0,67;1,07;16,31
0,35;10,80;0,00;1,04;1,07;16,66
0,26;10,88;0,00;1,42;1,07;17,04
0,00;10,04;0,00;1,69;0,70;17,04
0,00;10,04;0,00;1,69;0,70;17,35
0,00;9,30;0,00;2,05;0,29;16,99
0,00;8,99;0,00;2,05;0,71;16,68
0,00;8,99;0,00;2,05;0,71;16,68
0,00;8,99;0,00;2,67;0,29;17,30
0,00;8,99;0,00;2,67;0,29;17,30
0,26;8,99;0,00;2,71;0,71;17,61
0,26;8,99;0,00;3,06;0,71;17,61
0,26;9,40;0,00;3,06;0,71;17,61
0,26;10,05;0,00;3,06;1,06;18,61
0,26;9,65;0,00;3,41;1,47;18,96
0,00;10,59;0,00;3,75;1,31;19,67
0,00;10,49;0,00;4,36;0,75;19,94
0,00;10,49;0,00;4,76;0,40;19,67
0,00;10,49;0,00;4,76;0,40;19,67
0,00;10,06;0,00;5,44;0,40;20,36
0,00;10,41;0,00;4,79;0,40;20,36
0,00;10,71;0,00;5,19;0,40;21,06
0,00;11,12;0,00;5,55;0,40;21,81
0,00;11,12;0,00;5,55;0,40;21,81
0,00;11,13;0,00;5,55;0,40;21,83
0,00;11,13;0,00;5,85;0,40;22,13
0,00;11,19;0,00;5,85;0,40;21,78
0,00;11,94;0,00;5,85;0,40;22,09
0,00;11,81;0,00;5,85;0,40;21,96
0,00;11,81;0,00;5,85;0,40;21,96
0,00;12,17;0,00;5,85;0,40;22,76
0,00;12,81;0,00;5,49;0,81;23,47
0,00;11,98;0,00;5,14;0,81;22,29
0,00;11,98;0,00;5,14;0,81;22,78
0,00;12,41;0,00;5,14;0,81;22,78
0,00;12,13;0,00;5,42;0,81;22,78
0,00;12,47;0,00;5,14;0,81;22,78
0,00;12,38;0,00;5,14;0,81;23,02
0,00;11,73;0,00;5,73;0,81;22,67
0,00;12,09;0,00;5,73;1,20;23,43
0,00;12,09;0,00;5,73;1,20;23,43
0,00;10,92;0,00;5,78;1,51;23,09
0,00;10,61;0,00;5,78;1,51;22,77
0,00;10,61;0,00;6,39;1,51;23,38
0,00;10,61;0,00;6,54;1,51;23,54
0,00;11,70;0,00;6,25;1,51;23,92
0,00;12,48;0,00;6,25;1,51;24,33
0,00;12,48;0,00;6,25;1,51;24,33
0,00;12,38;0,00;6,25;1,51;24,24
0,00;11,96;0,00;6,35;1,93;24,68
0,00;12,37;0,00;5,63;1,93;25,87
0,00;12,80;0,00;5,71;1,51;25,87
0,00;12,80;0,00;5,78;1,51;26,20
0,00;13,47;0,00;6,14;1,51;26,88
0,00;13,05;0,00;6,14;1,51;26,88
0,00;12,61;0,00;6,45;1,51;26,88
0,00;13,02;0,00;6,02;1,51;26,44
0,00;13,02;0,00;6,02;1,51;26,44
0,00;13,46;0,00;5,71;1,51;26,87
0,00;12,38;0,00;5,99;1,94;26,87
0,00;12,38;0,00;5,99;2,30;26,87
0,00;12,38;0,00;5,99;2,30;26,87
0,00;11,97;0,00;6,09;2,30;26,87
0,00;11,65;0,00;6,09;1,99;26,23
0,00;11,35;0,00;6,09;1,99;25,92
0,00;11,00;0,00;6,44;1,99;25,92
0,00;12,09;0,00;6,44;1,61;25,92
0,00;11,78;0,00;6,78;1,89;26,24
0,00;11,47;0,00;6,47;1,53;25,93
0,00;11,47;0,00;6,47;1,53;25,63
0,00;11,82;0,00;6,47;1,53;25,98
0,00;11,52;0,00;6,44;1,53;25,34
0,00;11,52;0,00;6,44;1,53;24,69
0,29;11,52;0,00;6,16;1,53;24,69
0,29;11,82;0,00;6,16;1,53;24,69
0,29;11,82;0,00;6,64;1,53;25,18
0,29;11,82;0,00;6,64;1,53;25,18
0,29;11,51;0,00;6,64;1,53;24,87
0,29;10,71;0,00;7,03;1,53;24,46
0,29;11,07;0,00;7,03;1,53;25,15
0,00;11,70;0,00;7,03;1,53;25,15
0,00;11,33;0,00;7,03;1,53;24,79
0,00;11,29;0,00;7,03;1,53;24,44
0,00;11,64;0,00;7,03;1,53;24,79
0,00;11,64;0,00;6,99;1,13;24,75
0,00;11,64;0,00;6,99;1,13;24,75
0,00;11,64;0,00;7,30;1,13;25,06
0,00;11,35;0,00;7,59;1,53;25,06
0,00;11,07;0,00;7,88;1,53;25,06
0,00;11,07;0,00;8,26;1,53;25,44
0,00;10,73;0,00;8,26;1,53;25,45
0,00;10,73;0,00;8,26;1,53;25,02
0,00;10,73;0,00;8,26;1,53;25,02
0,34;10,38;0,00;8,91;1,53;25,63
0,34;10,64;0,00;8,91;1,94;26,30
0,34;10,55;0,00;9,25;1,94;26,20
0,34;11,01;0,00;9,25;1,24;26,28
0,34;11,01;0,00;8,76;1,24;25,79
0,00;10,98;0,00;9,11;1,24;25,45
0,00;10,98;0,00;9,11;1,72;25,93
0,00;10,98;0,00;9,11;1,72;25,93
0,00;10,98;0,00;9,11;1,72;27,00
0,00;10,92;0,00;8,46;2,13;27,01
0,00;10,55;0,00;8,11;2,13;26,30
0,00;10,55;0,00;8,11;2,13;26,30
0,00;10,45;0,00;8,42;2,13;26,87
0,00;10,08;0,00;8,42;2,13;26,51
0,00;9,44;0,00;8,94;1,70;26,55
0,00;9,44;0,00;8,94;2,01;26,86
0,00;9,44;0,00;9,35;1,61;26,86
0,00;9,80;0,00;9,66;1,61;26,86
0,00;9,80;0,00;9,66;1,61;26,86
0,00;9,79;0,00;9,31;1,61;26,55
0,00;9,79;0,00;9,00;1,61;26,55
0,00;9,54;0,00;9,26;1,61;26,55
0,00;9,58;0,00;9,23;1,61;26,55
0,00;9,58;0,00;8,95;1,61;26,55
0,00;9,21;0,00;9,36;1,98;26,96
0,00;8,89;0,00;9,36;1,98;26,16
0,00;8,89;0,00;9,05;1,98;26,16
0,00;8,89;0,00;8,94;1,98;26,16
0,00;8,89;0,00;8,94;1,98;25,86
0,00;8,14;0,00;8,94;1,98;25,86
0,00;8,14;0,00;8,94;1,98;25,86
0,00;7,82;0,00;8,94;1,98;25,67
0,00;7,11;0,00;9,61;2,29;26,76
0,00;7,11;0,00;9,61;2,29;26,76
0,00;7,11;0,00;9,00;2,29;26,45
0,00;6,67;0,00;9,00;1,88;26,45
0,00;7,60;0,00;9,00;1,88;26,63
0,00;7,96;0,00;8,63;1,88;26,63
0,00;8,27;0,00;8,63;1,88;26,94
0,00;7,83;0,00;8,32;1,88;27,03
0,00;7,49;0,00;8,67;1,51;26,66
0,00;7,85;0,00;8,96;1,51;27,02
0,00;7,85;0,00;8,96;1,51;27,02
0,00;8,29;0,00;9,32;1,51;27,67
0,00;8,29;0,00;9,32;1,51;27,67
0,00;8,29;0,00;9,32;1,51;28,04
0,00;8,63;0,00;9,32;1,51;28,04
0,00;8,63;0,00;9,32;1,94;28,47
0,00;8,63;0,00;9,63;1,94;28,47
0,00;8,29;0,00;9,37;1,94;27,77
0,00;8,29;0,00;9,37;1,63;27,77
0,00;8,29;0,00;9,37;1,89;27,72
0,00;7,92;0,00;9,63;1,63;27,36
0,00;7,92;0,00;9,32;1,63;27,36
0,00;7,92;0,00;9,32;1,63;27,36
0,00;7,92;0,00;8,92;1,63;26,96
0,00;8,23;0,00;8,92;1,63;27,27
0,00;8,23;0,00;8,92;1,63;27,27
0,00;8,23;0,00;8,92;1,63;27,27
0,00;8,23;0,00;8,84;1,63;27,19
0,00;8,58;0,00;8,49;1,63;27,28
0,00;9,01;0,00;8,80;1,98;28,06
0,00;9,32;0,00;8,80;1,98;28,37
0,00;9,32;0,00;8,80;1,98;28,37
0,00;9,32;0,00;8,49;2,46;28,45
0,00;8,97;0,00;8,20;2,46;28,21
0,00;9,05;0,00;8,25;2,46;28,33
0,00;8,69;0,00;7,95;2,46;28,29
0,00;8,69;0,00;8,43;1,98;28,63
0,00;8,69;0,00;8,43;1,98;28,63
0,00;8,69;0,00;8,43;1,98;28,63
0,00;8,69;0,00;8,43;1,98;28,94
0,00;9,01;0,00;7,64;1,98;29,25
0,00;9,11;0,00;8,02;1,98;29,25
0,00;8,63;0,00;8,02;1,98;28,85
0,00;8,63;0,00;8,33;1,98;28,85
0,00;8,63;0,00;8,33;1,98;28,85
0,00;8,63;0,00;8,69;1,50;28,73
0,00;7,97;0,00;9,04;1,50;28,32
0,00;7,97;0,00;9,35;1,50;28,32
0,00;7,66;0,00;9,35;1,50;28,32
0,00;7,29;0,00;9,83;1,50;28,54
0,00;7,29;0,00;9,04;1,50;28,06
0,00;7,29;0,00;9,35;1,50;28,06
0,00;7,29;0,00;9,35;1,50;28,37
0,00;7,29;0,00;9,30;1,15;28,00
0,00;7,03;0,00;9,30;1,15;27,74
0,00;7,03;0,00;9,30;1,15;27,74
0,00;7,03;0,00;8,99;1,15;27,74
0,00;7,03;0,00;8,99;1,15;27,74
0,00;7,03;0,00;8,99;1,15;27,33
0,00;6,72;0,00;9,30;1,15;27,74
0,00;6,36;0,00;9,30;1,15;26,99
0,00;6,36;0,00;8,94;1,15;26,99
0,00;6,36;0,00;8,94;1,48;27,32
0,00;6,42;0,00;9,25;1,48;28,41
0,00;6,42;0,00;9,25;1,48;28,74
0,00;6,83;0,00;9,25;1,48;29,15
0,00;6,78;0,00;9,25;1,48;29,15
0,00;6,78;0,00;9,23;1,48;28,77
0,00;6,79;0,00;9,23;1,83;28,67
0,00;6,79;0,00;8,55;1,83;28,40
0,00;6,79;0,00;8,55;1,83;28,04
0,00;6,79;0,00;8,19;1,83;27,68
0,00;6,79;0,00;8,19;1,83;27,68
0,00;6,79;0,00;8,50;1,83;27,68
0,00;6,79;0,00;8,50;1,83;27,68
0,00;6,79;0,00;8,19;1,83;27,71
0,00;7,46;0,00;8,19;1,83;28,39
0,00;6,71;0,00;8,19;1,83;28,07
0,00;6,71;0,00;8,19;1,83;28,43
0,00;6,71;0,00;8,55;1,83;28,43
0,00;7,06;0,00;7,91;1,83;28,09
0,00;7,06;0,00;7,91;1,83;28,09
0,00;7,41;0,00;7,91;1,83;28,44
0,00;7,41;0,00;7,91;1,83;28,44
0,00;7,75;0,00;7,91;1,83;28,79
0,00;7,71;0,00;7,60;1,83;28,79
0,00;7,71;0,00;7,90;1,83;28,79
0,00;7,71;0,00;7,46;1,83;28,79
0,00;8,15;0,00;7,46;1,83;28,79
0,00;8,49;0,00;7,46;1,83;29,13
0,00;8,49;0,00;7,16;1,50;29,13
0,00;8,49;0,00;6,79;1,50;28,76
0,00;8,49;0,00;6,79;1,50;28,42
0,00;8,49;0,00;6,79;1,50;28,42
0,00;8,49;0,00;7,14;1,50;28,45
0,00;7,71;0,00;7,14;1,50;28,52
0,00;7,71;0,00;7,14;1,50;28,84
0,00;8,14;0,00;7,14;1,85;28,43
0,00;8,14;0,00;6,73;1,85;28,02
0,00;8,14;0,00;7,04;1,85;28,33
0,00;8,51;0,00;6,73;1,85;28,02
0,00;8,82;0,00;6,73;1,85;28,33
0,00;8,46;0,00;6,73;2,21;28,33
0,00;7,73;0,00;7,01;2,21;28,32
0,00;7,38;0,00;7,49;2,21;27,98
0,00;7,80;0,00;7,49;2,21;28,40
0,31;7,83;0,00;7,60;2,21;29,10
0,31;7,83;0,00;7,25;2,21;28,74
0,31;7,86;0,00;7,94;2,21;29,45
0,31;7,86;0,00;7,60;2,21;29,82
0,31;8,22;0,00;6,97;2,21;29,55
0,31;8,22;0,00;7,31;1,85;29,59
0,00;8,53;0,00;7,36;2,16;29,96
0,00;8,53;0,00;7,02;2,16;29,96
0,00;8,53;0,00;7,00;2,16;29,59
0,00;8,12;0,00;7,41;2,16;29,59
0,00;8,12;0,00;7,41;2,16;29,28
0,00;8,12;0,00;6,30;2,16;28,87
0,00;8,12;0,00;6,64;2,16;28,87
0,00;8,12;0,00;6,64;2,16;28,87
0,00;7,73;0,00;6,64;2,16;28,48
0,00;7,02;0,00;6,98;2,16;28,12
0,00;7,02;0,00;6,98;2,89;29,17
0,00;7,02;0,00;7,08;2,89;29,60
0,00;7,02;0,00;7,11;2,89;29,29
0,00;7,02;0,00;7,11;2,89;28,94
0,00;7,02;0,00;7,11;2,58;28,94
0,00;7,02;0,00;7,11;2,58;28,94
0,00;7,02;0,00;7,46;2,58;29,29
0,00;7,02;0,00;7,48;2,58;29,91
0,00;6,68;0,00;8,16;2,58;29,91
0,00;6,94;0,00;8,16;2,58;29,91
0,00;7,38;0,00;8,16;2,58;30,69
0,00;7,72;0,00;8,51;2,58;31,38
0,00;7,05;0,00;7,82;3,23;31,02
0,00;6,69;0,00;7,82;3,23;30,69
0,00;6,68;0,00;7,48;3,23;31,10
0,00;6,68;0,00;7,34;3,23;31,80
0,00;6,31;0,00;7,34;3,23;31,80
0,00;5,88;0,00;7,78;3,23;32,14
0,00;6,19;0,00;7,78;3,23;32,14
0,00;6,60;0,00;7,36;2,47;30,99
0,00;6,60;0,00;7,36;1,77;30,28
0,31;6,29;0,00;7,36;1,77;30,28
0,31;6,29;0,00;7,00;2,47;30,63
0,00;6,55;0,00;7,00;2,89;30,99
0,00;6,55;0,00;7,00;2,89;30,99
0,00;6,55;0,00;7,00;2,89;30,99
0,00;6,55;0,00;7,00;2,89;30,99
0,00;6,55;0,00;7,36;3,54;31,95
0,00;6,55;0,00;7,84;3,54;32,26
0,00;6,86;0,00;7,34;3,54;31,75
0,00;7,24;0,00;6,99;3,54;32,43
0,00;7,24;0,00;6,51;3,54;32,43
0,36;6,56;0,00;6,51;3,54;32,43
0,00;6,96;0,00;6,17;3,90;32,47
0,00;6,96;0,00;6,51;3,90;32,82
0,00;6,56;0,00;6,51;3,90;32,82
0,00;7,28;0,00;6,51;4,26;34,24
0,00;6,91;0,00;6,17;4,26;33,90
0,00;5,73;0,00;6,86;5,09;34,64
0,00;5,73;0,00;6,17;5,43;34,99
0,00;5,73;0,00;5,82;5,43;34,99
0,00;5,73;0,00;6,11;5,14;34,64
0,00;5,04;0,00;6,45;5,51;35,00
0,00;4,63;0,00;6,17;5,79;34,59
0,34;4,63;0,00;6,17;5,79;34,59
1,02;4,32;0,00;6,17;5,82;34,61
1,02;4,32;0,00;6,67;6,23;35,19
0,67;4,69;0,00;6,67;6,23;35,92
0,67;4,63;0,00;6,31;6,60;35,87
0,67;4,94;0,00;6,31;6,18;36,18
0,67;4,63;0,00;6,31;6,60;35,93
0,67;4,63;0,00;6,31;6,60;36,30
0,67;4,65;0,00;7,07;5,82;36,65
0,96;4,65;0,00;7,07;5,53;36,31
0,96;4,65;0,00;7,07;5,53;36,31
0,96;4,65;0,00;6,73;5,88;35,95
0,96;4,60;0,00;7,40;5,95;36,39
0,96;4,99;0,00;6,99;6,36;36,78
0,96;4,99;0,00;6,99;7,07;37,20
0,96;4,99;0,00;6,99;7,07;37,60
0,96;4,99;0,00;6,99;7,07;37,60
0,67;5,34;0,00;7,71;7,70;38,32
0,67;5,34;0,00;7,71;8,05;38,66
0,67;5,34;0,00;7,71;8,05;38,66
0,67;5,34;0,00;7,71;8,05;38,18
1,02;6,13;0,00;7,37;8,05;38,56
1,02;6,56;0,00;7,37;8,05;39,41
1,02;6,56;0,00;7,37;7,68;39,04
1,02;6,56;0,00;7,71;6,99;39,04
1,02;6,56;0,00;8,40;6,65;39,79
1,02;6,56;0,00;7,97;7,34;40,05
1,02;6,25;0,00;8,26;7,70;40,40
1,32;6,25;0,00;8,74;7,70;41,19
1,32;7,63;0,00;7,96;7,70;41,79
1,32;7,27;0,00;7,96;7,70;41,42
1,32;7,62;0,00;7,96;7,70;41,47
1,32;7,62;0,00;7,96;8,04;42,29
1,32;7,70;0,00;7,88;8,04;42,29
1,68;7,35;0,00;7,95;7,63;42,29
1,68;7,67;0,00;8,33;7,32;42,68
1,68;7,02;0,00;9,36;7,32;43,06
1,68;6,37;0,00;9,36;7,70;42,45
1,68;6,37;0,00;9,78;7,29;42,45
1,68;6,37;0,00;10,14;6,58;42,76
1,68;6,37;0,00;10,48;5,85;41,94
1,68;6,37;0,00;10,35;5,98;41,94
1,68;6,37;0,00;11,11;5,98;42,02
1,68;6,02;0,00;11,52;6,33;42,74
1,75;6,33;0,00;11,83;6,33;43,44
2,48;6,33;0,00;12,10;5,89;43,69
2,48;6,33;0,00;12,12;6,69;44,51
2,48;6,33;0,00;12,47;6,69;44,86
2,48;6,68;0,00;13,21;6,69;45,20
2,48;7,33;0,00;12,98;6,68;45,85
2,48;6,55;0,00;13,75;6,68;46,16
2,48;6,87;0,00;13,64;7,09;46,47
2,79;7,23;0,00;13,33;7,09;46,84
2,79;7,23;0,00;13,39;7,69;47,15
2,79;7,23;0,00;14,56;7,69;47,98
2,48;7,55;0,00;14,88;7,34;47,63
2,17;7,55;0,00;14,88;7,33;48,00
2,17;8,60;0,00;15,22;7,04;48,35
2,17;9,01;0,00;15,22;7,04;48,70
2,17;9,01;0,00;15,22;6,69;49,13
2,17;9,30;0,00;15,20;6,69;49,97
2,17;9,64;0,00;15,20;6,35;49,56
2,17;9,66;0,00;15,20;7,08;49,99
2,17;9,78;0,00;15,51;7,08;50,51
2,17;9,76;0,00;15,51;7,08;50,46
2,48;10,13;0,00;15,24;6,39;50,11
2,48;10,89;0,00;15,24;6,39;50,87
2,48;10,93;0,00;15,65;5,97;51,63
2,48;11,29;0,00;15,00;6,26;51,63
2,48;11,24;0,00;15,35;6,26;51,93
2,48;11,24;0,00;15,35;6,26;51,42
2,84;10,59;0,00;14,86;7,04;51,42
3,19;10,34;0,00;14,51;7,04;51,58
2,53;9,99;0,00;15,21;7,38;51,90
2,17;10,76;0,00;15,57;7,09;51,61
2,14;11,11;0,00;15,22;7,40;51,61
2,14;11,45;0,00;15,22;7,40;51,61
2,45;11,04;0,00;14,79;7,40;51,61
2,45;11,04;0,00;14,79;7,40;51,87
2,45;12,11;0,00;14,04;7,40;51,77
2,45;12,11;0,00;14,04;7,38;52,60
2,45;12,11;0,00;14,38;7,38;52,94
2,45;12,59;0,00;14,00;7,38;52,94
2,45;12,59;0,00;14,00;7,38;52,94
2,45;12,59;0,00;14,42;6,97;52,94
2,13;12,59;0,00;13,88;6,97;52,44
2,50;12,90;0,00;14,22;6,66;52,80
2,15;12,90;0,00;14,23;6,66;52,80
2,45;12,90;0,00;14,23;6,66;52,80
2,45;12,11;0,00;14,76;6,58;52,49
2,45;12,11;0,00;15,17;6,17;52,14
2,45;11,67;0,00;15,20;6,17;52,46
2,45;12,63;0,00;14,82;6,12;53,41
2,45;13,03;0,00;14,40;5,49;53,03
2,45;12,68;0,00;13,99;5,92;53,04
2,45;12,68;0,00;14,24;5,92;52,58
2,45;12,25;0,00;14,44;5,85;51,38
2,06;12,63;0,00;14,70;5,85;51,01
1,76;12,70;0,00;14,70;5,85;51,01
1,76;12,70;0,00;15,00;5,85;51,01
1,76;12,38;0,00;15,80;5,85;51,02
1,76;13,00;0,00;15,80;5,85;52,07
1,76;13,38;0,00;15,42;5,85;52,07
1,76;13,38;0,00;15,72;5,85;52,07
1,04;13,70;0,00;15,72;5,85;51,66
0,67;14,06;0,00;15,07;5,85;50,57
0,67;14,55;0,00;15,07;5,85;50,77
0,67;14,86;0,00;15,51;5,85;50,77
0,67;13,25;0,00;15,92;5,44;49,78
1,03;13,12;0,00;15,43;5,44;49,86
1,03;12,81;0,00;15,77;5,06;49,94
0,67;13,29;0,00;15,02;5,11;48,92
0,67;13,55;0,00;15,12;5,48;48,66
0,67;12,93;0,00;15,12;6,14;49,02
0,67;12,51;0,00;15,89;5,78;49,02
0,67;12,51;0,00;15,53;5,78;49,02
1,02;12,19;0,00;15,88;5,11;48,72
1,02;12,57;0,00;15,88;5,41;49,41
0,71;12,14;0,00;16,19;5,41;49,41
0,36;11,74;0,00;17,27;5,02;49,36
0,36;12,05;0,00;16,53;5,42;49,33
0,36;12,36;0,00;15,86;5,42;48,92
0,36;12,11;0,00;16,61;5,03;49,68
0,36;12,09;0,00;15,47;5,15;49,04
0,36;12,09;0,00;15,13;5,15;49,79
0,36;11,72;0,00;15,93;5,04;50,14
0,36;12,09;0,00;15,62;5,04;50,14
0,36;12,09;0,00;15,62;5,04;50,14
0,36;11,78;0,00;15,36;5,04;49,55
0,36;11,12;0,00;15,36;4,70;48,86
0,36;11,46;0,00;15,07;4,33;47,90
0,36;11,46;0,00;14,66;4,33;47,90
0,36;11,11;0,00;14,66;4,74;47,29
0,36;11,37;0,00;14,66;4,87;47,25
0,36;12,19;0,00;14,66;4,76;47,55
0,36;12,58;0,00;14,66;4,76;47,94
0,36;12,20;0,00;15,05;4,35;47,53
0,36;11,01;0,00;13,94;4,35;46,88
0,36;10,68;0,00;13,94;4,35;46,55
0,36;11,91;0,00;13,56;4,39;47,02
0,36;11,30;0,00;13,52;4,39;45,94
0,36;11,68;0,00;13,64;3,85;46,51
0,36;11,52;0,00;12,85;4,20;46,76
0,36;11,45;0,00;13,20;4,20;46,61
0,36;11,45;0,00;12,59;4,11;45,90
0,67;12,13;0,00;12,59;4,11;46,98
0,67;11,78;0,00;12,59;4,11;46,67
0,36;11,78;0,00;12,59;4,38;46,67
0,36;11,95;0,00;12,59;4,01;46,48
0,36;11,54;0,00;12,18;4,72;46,37
0,36;11,54;0,00;12,18;4,38;46,03
0,36;11,12;0,00;12,60;4,38;46,34
0,36;11,53;0,00;12,87;3,49;46,31
0,36;11,53;0,00;12,87;3,80;46,62
0,36;11,49;0,00;13,96;3,40;47,33
0,36;11,53;0,00;13,55;3,09;47,03
0,36;11,53;0,00;13,19;3,46;47,03
0,36;11,92;0,00;13,19;3,46;47,03
0,36;12,18;0,00;12,46;4,17;47,28
0,36;11,82;0,00;12,46;4,17;47,28
0,36;11,82;0,00;12,83;3,80;46,91
0,36;11,92;0,00;13,09;3,40;47,28
0,36;11,92;0,00;13,19;3,40;47,28
0,36;11,51;0,00;12,93;3,40;47,02
0,72;10,76;0,00;12,93;3,40;47,02
0,72;10,02;0,00;12,62;3,76;46,33
0,72;10,41;0,00;12,93;3,45;46,69
0,72;10,91;0,00;13,29;3,45;47,20
0,72;10,91;0,00;12,84;3,14;46,78
0,72;9,70;0,00;13,60;3,14;46,47
0,72;10,06;0,00;13,60;3,14;46,77
0,72;10,41;0,00;13,60;3,14;46,77
0,72;10,84;0,00;13,60;3,14;46,42
0,72;10,84;0,00;12,93;3,81;46,47
0,72;10,84;0,00;12,84;3,50;46,47
0,72;11,71;0,00;12,57;3,51;46,86
0,72;12,00;0,00;12,51;3,53;47,16
0,72;12,41;0,00;12,09;3,53;46,82
0,72;12,07;0,00;11,75;3,53;46,82
0,72;11,71;0,00;12,48;3,53;47,16
0,72;10,91;0,00;12,48;3,53;47,08
0,72;10,91;0,00;12,48;3,53;47,08
0,72;11,32;0,00;12,47;3,53;47,08
0,72;11,32;0,00;12,47;3,53;47,08
0,72;11,32;0,00;12,80;3,53;47,41
0,72;11,32;0,00;13,15;3,53;47,41
0,72;11,83;0,00;13,51;3,21;47,96
0,72;11,42;0,00;12,44;3,51;47,57
0,72;11,42;0,00;12,44;3,21;47,27
0,72;11,42;0,00;12,13;3,21;46,96
0,72;12,13;0,00;12,13;3,51;47,67
0,72;11,71;0,00;12,13;3,51;47,67
0,72;11,71;0,00;12,13;3,51;47,24
0,72;11,81;0,00;12,13;3,15;46,98
0,72;11,81;0,00;12,13;3,15;46,98
0,72;11,81;0,00;11,87;3,15;46,98
0,72;11,81;0,00;11,87;2,85;46,68
0,72;12,30;0,00;11,87;2,79;47,47
0,72;12,30;0,00;11,87;2,79;47,47
0,72;11,45;0,00;12,36;2,79;47,47
0,72;11,81;0,00;11,87;2,79;47,47
1,08;12,77;0,00;10,70;2,79;48,17
1,08;12,16;0,00;10,70;2,79;47,60
1,08;12,85;0,00;10,70;2,79;48,27
1,08;11,96;0,00;10,77;2,49;47,00
1,40;11,96;0,00;11,12;2,49;47,37
1,40;12,31;0,00;11,12;2,49;47,63
1,40;12,29;0,00;11,47;2,12;47,59
1,40;12,44;0,00;11,72;2,12;47,59
1,40;12,42;0,00;11,72;2,14;46,86
1,40;13,15;0,00;10,60;2,87;46,86
1,40;12,74;0,00;10,29;2,87;46,55
1,40;13,28;0,00;10,03;2,87;46,85
1,40;13,28;0,00;10,03;2,87;46,31
1,74;13,28;0,00;9,68;3,17;46,31
1,74;13,18;0,00;9,72;3,17;46,31
1,74;13,18;0,00;9,72;3,17;45,95
1,74;13,18;0,00;9,46;3,17;45,70
1,40;14,10;0,00;9,37;3,17;46,18
1,76;14,10;0,00;9,01;2,87;45,88
1,76;14,10;0,00;9,01;3,17;46,06
1,76;14,10;0,00;9,07;2,80;45,75
1,76;14,53;0,00;9,43;2,44;45,75
1,76;14,53;0,00;9,08;2,80;45,77
1,76;15,02;0,00;9,08;2,44;46,25
1,76;15,37;0,00;8,37;2,80;46,25
1,76;16,06;0,00;8,03;2,50;46,65
2,13;15,71;0,00;8,38;2,80;46,95
2,13;16,13;0,00;7,96;2,80;46,95
2,13;15,78;0,00;7,96;2,80;46,55
2,13;15,78;0,00;8,33;2,85;46,96
2,13;15,79;0,00;8,02;2,85;46,97
2,13;15,79;0,00;8,33;2,54;46,67
2,13;16,20;0,00;8,33;2,85;46,97
2,13;16,20;0,00;8,33;2,85;46,97
2,13;16,26;0,00;7,61;3,21;46,68
2,13;16,26;0,00;7,61;3,21;47,50
2,13;16,26;0,00;7,61;2,91;47,20
2,13;16,26;0,00;7,98;2,85;47,50
2,13;16,66;0,00;7,98;2,85;47,50
2,13;17,37;0,00;7,93;3,21;48,16
2,47;17,78;0,00;7,59;3,56;48,51
2,47;17,78;0,00;7,59;3,56;48,51
2,47;17,78;0,00;7,59;3,56;47,85
2,95;18,49;0,00;6,91;3,56;47,54
2,95;18,43;0,00;6,56;3,56;47,54
3,38;18,00;0,00;6,56;3,56;47,54
2,90;18,00;0,00;6,12;3,56;47,54
3,31;18,00;0,00;5,72;3,56;47,54
3,31;17,66;0,00;5,72;3,56;47,54
2,51;18,86;0,00;5,72;3,56;47,54
2,51;18,43;0,00;6,18;3,56;47,09
2,51;18,08;0,00;5,87;3,56;46,42
2,51;18,01;0,00;5,87;3,25;46,47
2,51;18,42;0,00;5,87;3,56;46,77
2,15;18,79;0,00;5,87;3,56;46,77
2,15;18,79;0,00;6,16;3,25;46,28
2,15;17,42;0,00;6,16;3,25;45,33
2,58;14,87;0,00;6,16;3,69;43,25
2,58;12,55;0,00;6,92;4,36;43,07
2,93;12,42;0,00;7,40;4,35;43,41
2,93;12,29;0,00;7,05;4,69;42,91
2,93;11,77;0,00;7,54;5,10;43,62
2,56;11,67;0,00;7,23;5,10;43,62
2,56;11,67;0,00;7,54;5,10;42,98
2,56;10,92;0,00;7,54;5,10;43,26
2,56;10,30;0,00;7,85;5,10;43,27
2,56;9,57;0,00;8,21;4,74;42,96
2,56;9,26;0,00;8,21;4,74;42,96
2,56;9,94;0,00;7,41;5,10;42,94
2,56;9,94;0,00;7,41;5,10;43,25
2,56;9,54;0,00;7,04;4,76;42,88
2,56;10,56;0,00;7,48;4,76;42,45
2,56;10,56;0,00;7,48;4,76;42,10
2,22;10,56;0,00;7,48;4,76;42,10
2,56;10,56;0,00;7,48;4,76;42,10
2,56;10,22;0,00;7,48;4,80;41,73
2,56;10,22;0,00;7,84;4,74;41,69
2,56;9,61;0,00;7,84;4,74;41,34
2,56;9,97;0,00;7,84;4,74;41,40
2,56;9,93;0,00;7,84;5,05;42,01
2,56;10,28;0,00;7,84;4,71;41,69
2,56;10,28;0,00;7,84;4,71;42,04
2,15;10,65;0,00;7,48;4,71;42,00
1,79;10,65;0,00;7,00;5,55;42,00
1,48;10,76;0,00;7,00;5,02;41,64
1,14;11,48;0,00;6,64;5,38;41,64
1,14;11,89;0,00;6,64;5,38;41,35
0,78;11,89;0,00;6,64;5,38;41,35
1,12;11,91;0,00;6,64;5,38;41,35
1,12;11,15;0,00;6,97;5,38;41,33
1,45;11,15;0,00;6,64;5,38;41,81
1,81;11,50;0,00;6,64;5,02;42,16
1,81;11,50;0,00;6,64;5,02;42,16
1,81;10,80;0,00;7,00;4,36;41,51
1,81;10,13;0,00;7,05;4,66;41,50
1,81;10,57;0,00;7,40;5,01;41,54
1,81;10,21;0,00;7,40;5,01;41,12
2,17;10,21;0,00;6,68;4,99;41,12
2,17;10,83;0,00;6,38;4,69;41,43
1,83;11,48;0,00;6,38;4,69;41,74
1,50;11,48;0,00;6,38;4,69;41,74
1,50;10,78;0,00;6,38;4,69;41,70
1,83;10,78;0,00;6,01;4,69;41,70
1,83;10,70;0,00;6,01;4,69;41,62
1,83;10,70;0,00;6,01;5,05;41,62
1,83;10,35;0,00;6,01;5,05;41,33
1,83;10,35;0,00;6,01;5,32;41,24
1,83;10,70;0,00;6,33;5,32;41,56
2,51;10,70;0,00;5,91;5,34;41,53
2,51;10,70;0,00;6,27;5,34;41,53
2,23;10,35;0,00;6,27;5,34;41,26
2,23;10,35;0,00;6,27;5,34;41,25
2,23;10,29;0,00;5,90;5,34;40,90
2,23;9,28;0,00;5,90;4,93;39,06
2,23;9,72;0,00;5,90;4,56;38,78
2,23;9,34;0,00;5,90;4,93;38,76
2,23;8,90;0,00;5,90;4,93;38,33
2,23;9,34;0,00;6,41;4,93;39,58
2,54;9,75;0,00;6,00;4,62;39,23
2,54;10,10;0,00;6,00;4,62;39,27
2,19;10,10;0,00;5,98;4,62;38,92
2,19;10,44;0,00;5,64;5,02;38,92
2,19;10,44;0,00;5,32;5,02;38,61
1,88;11,89;0,00;4,75;5,33;39,69
1,88;11,89;0,00;4,75;5,33;39,69
1,88;11,89;0,00;5,07;5,33;40,00
1,88;11,89;0,00;5,07;5,69;40,00
1,88;11,89;0,00;5,36;5,69;39,50
1,35;11,87;0,00;6,57;5,02;39,90
1,69;11,63;0,00;6,50;4,67;40,26
1,80;11,63;0,00;6,14;4,98;39,65
1,09;12,34;0,00;6,14;4,98;39,95
1,09;12,34;0,00;6,14;4,98;39,95
1,44;11,98;0,00;6,14;4,98;39,94
1,44;12,02;0,00;6,50;4,27;39,94
1,44;12,68;0,00;6,50;4,56;40,60
1,44;12,68;0,00;6,50;4,56;40,89
1,44;12,32;0,00;7,15;3,60;40,28
0,68;12,69;0,00;7,50;4,02;40,28
0,68;13,48;0,00;7,50;3,67;41,06
0,33;13,48;0,00;7,19;3,98;41,41
1,11;13,48;0,00;7,13;3,92;42,06
1,46;13,13;0,00;7,13;3,92;41,71
1,13;13,82;0,00;6,61;4,26;42,06
0,71;13,82;0,00;7,21;4,24;41,88
0,71;13,89;0,00;6,56;3,96;41,03
0,71;13,53;0,00;6,56;3,96;41,23
0,71;14,91;0,00;7,30;3,96;42,29
0,71;14,16;0,00;7,69;3,96;42,34
0,71;14,16;0,00;7,69;3,96;42,34
1,13;14,16;0,00;8,03;3,54;42,68
1,13;14,51;0,00;8,03;3,54;43,03
1,13;13,80;0,00;8,03;3,91;42,84
1,13;13,80;0,00;7,74;3,91;42,71
1,13;13,83;0,00;7,74;4,34;43,18
0,71;14,60;0,00;7,74;4,34;43,53
1,07;13,90;0,00;7,74;4,64;43,85
1,07;14,31;0,00;8,52;4,64;44,69
1,07;14,32;0,00;8,52;4,64;44,74
1,07;14,36;0,00;8,59;4,95;45,16
1,07;14,72;0,00;8,59;4,95;45,83
1,07;14,72;0,00;8,90;4,64;46,24
1,43;14,00;0,00;9,26;4,64;46,41
1,43;14,44;0,00;9,26;4,64;46,85
1,43;14,44;0,00;9,26;4,64;46,85
1,43;14,44;0,00;9,26;4,64;47,16
1,43;14,44;0,00;9,26;4,64;47,16
1,43;14,75;0,00;9,63;4,33;47,52
1,78;14,75;0,00;9,26;3,98;47,16
1,78;14,75;0,00;9,26;3,98;47,16
2,16;15,06;0,00;9,63;3,88;48,12
2,16;15,47;0,00;9,63;3,88;48,54
2,16;15,82;0,00;9,63;3,50;48,88
2,16;15,73;0,00;9,63;3,81;49,19
1,44;16,09;0,00;10,01;3,81;48,85
1,10;16,09;0,00;10,01;4,15;48,85
1,10;15,72;0,00;10,01;4,50;48,85
1,10;16,16;0,00;10,01;4,50;48,85
1,10;15,84;0,00;10,04;4,50;48,56
1,10;15,84;0,00;10,04;4,50;48,15
1,10;16,22;0,00;10,03;3,81;48,56
1,10;15,64;0,00;10,37;3,50;48,87
0,71;15,95;0,00;10,44;3,50;48,87
0,71;17,02;0,00;10,10;3,50;49,94
0,71;17,33;0,00;10,10;3,50;50,35
0,71;17,37;0,00;9,71;3,84;49,63
0,71;16,98;0,00;10,10;4,15;50,30
1,10;17,32;0,00;9,71;4,15;51,53
1,82;16,70;0,00;8,90;4,12;51,53
1,43;17,01;0,00;10,04;4,12;51,18
1,43;17,32;0,00;10,38;4,12;51,53
1,43;17,37;0,00;10,38;4,12;51,88
1,43;17,73;0,00;10,02;4,12;51,97
1,43;17,73;0,00;10,02;4,12;51,97
1,43;17,73;0,00;10,02;4,12;51,97
1,43;17,37;0,00;10,02;4,12;51,61
1,43;17,37;0,00;9,71;4,12;51,61
1,43;17,46;0,00;10,02;3,38;51,98
1,43;17,06;0,00;10,33;3,07;51,98
1,43;18,11;0,00;9,97;2,76;52,05
1,43;18,74;0,00;9,66;3,24;52,22
1,08;19,40;0,00;9,66;3,61;52,22
1,08;19,48;0,00;10,35;3,95;52,87
1,82;18,77;0,00;10,61;4,35;52,87
1,82;19,19;0,00;10,51;4,35;52,87
1,46;18,45;0,00;10,51;4,35;53,22
1,46;16,90;0,00;11,34;4,35;53,58
1,46;17,23;0,00;11,00;4,35;53,29
1,46;18,75;0,00;11,31;4,17;54,91
1,13;18,08;0,00;11,64;4,17;54,36
1,44;18,00;0,00;10,70;3,87;54,06
1,54;19,19;0,00;10,35;3,87;55,18
1,54;19,19;0,00;10,04;4,18;55,49
1,54;19,16;0,00;10,04;4,48;55,44
1,54;18,72;0,00;10,04;4,48;55,13
1,54;18,76;0,00;10,66;4,84;55,84
1,15;19,18;0,00;11,00;5,24;56,50
0,74;20,86;0,00;10,16;4,63;56,32
0,74;20,96;0,00;10,58;4,93;56,63
0,74;20,62;0,00;10,26;5,00;57,04
0,74;20,27;0,00;10,63;5,61;56,98
0,74;20,40;0,00;10,94;5,90;57,46
0,74;19,99;0,00;10,87;5,90;57,46
0,74;21,51;0,00;11,49;5,30;58,52
0,74;21,19;0,00;11,18;5,62;58,83
0,74;21,54;0,00;10,82;4,95;58,51
0,74;20,39;0,00;11,87;4,90;58,47
0,74;20,08;0,00;13,02;4,60;58,21
0,74;19,75;0,00;14,08;4,60;58,53
0,74;20,60;0,00;13,35;4,90;58,83
1,09;20,54;0,00;12,96;5,21;59,05
1,09;21,71;0,00;12,99;5,87;59,40
0,74;21,44;0,00;13,64;5,87;59,44
0,74;21,60;0,00;13,33;5,26;58,97
0,74;22,22;0,00;12,97;5,62;58,97
0,74;22,26;0,00;12,66;6,54;59,89
0,74;22,69;0,00;13,01;6,20;60,54
1,05;22,75;0,00;12,71;5,84;60,19
1,05;22,74;0,00;12,29;5,84;60,60
1,05;23,09;0,00;12,65;5,84;60,95
1,05;22,15;0,00;12,65;5,84;60,95
1,05;22,06;0,00;12,65;5,53;60,96
0,74;21,34;0,00;13,27;5,53;61,34
0,74;22,25;0,00;13,94;4,25;61,64
0,74;22,28;0,00;14,20;4,26;61,95
0,74;22,28;0,00;14,20;4,26;61,95
0,74;23,37;0,00;13,45;4,21;62,24
0,74;24,03;0,00;13,45;4,21;62,58
0,74;23,63;0,00;13,93;3,93;62,38
0,74;22,92;0,00;13,56;4,53;62,32
0,74;23,22;0,00;13,86;4,53;62,62
0,74;23,98;0,00;13,55;4,17;62,67
1,05;23,62;0,00;14,10;3,80;62,67
1,39;24,07;0,00;13,74;4,10;62,62
1,39;24,38;0,00;13,74;4,10;62,62
1,39;24,74;0,00;13,74;3,80;62,67
1,39;24,74;0,00;13,74;3,80;62,55
1,39;23,64;0,00;13,74;3,80;61,82
1,83;23,63;0,00;12,62;3,80;62,17
1,83;23,98;0,00;12,62;3,80;62,52
1,83;23,67;0,00;12,99;3,80;62,86
2,09;22,91;0,00;12,72;4,11;62,51
2,09;22,31;0,00;13,03;4,41;62,53
2,09;22,23;0,00;13,38;4,11;63,52
1,83;23,05;0,00;13,96;3,08;63,83
1,83;22,70;0,00;13,70;3,39;63,48
1,83;22,70;0,00;13,70;3,39;63,48
1,83;23,64;0,00;13,40;3,05;64,13
2,19;23,99;0,00;13,06;3,39;63,34
2,19;23,18;0,00;13,06;3,39;63,66
2,19;23,48;0,00;13,06;3,39;63,96
2,19;23,89;0,00;12,97;3,39;63,56
2,19;24,19;0,00;12,97;3,39;63,86
2,19;23,84;0,00;12,63;3,69;63,85
2,19;23,02;0,00;12,63;4,11;63,85
2,19;23,37;0,00;13,42;3,80;63,56
2,19;24,15;0,00;13,05;3,09;63,56
2,19;24,07;0,00;13,82;3,04;64,24
2,19;24,48;0,00;13,51;3,04;64,55
2,19;25,50;0,00;12,82;3,39;64,21
2,19;25,84;0,00;12,16;3,70;64,21
2,19;25,43;0,00;12,16;3,40;63,91
2,19;26,47;0,00;11,85;3,40;63,91
1,88;27,08;0,00;11,80;3,42;63,91
1,88;26,73;0,00;11,75;3,43;63,52
1,88;26,01;0,00;10,93;3,42;63,04
1,88;25,80;0,00;10,83;3,53;62,30
1,88;25,43;0,00;10,83;3,88;63,04
1,88;25,43;0,00;10,34;3,88;62,56
1,88;24,91;0,00;10,03;3,53;62,56
2,20;25,01;0,00;10,38;3,83;62,86
2,20;25,01;0,00;10,38;4,17;62,08
2,49;24,30;0,00;10,75;4,15;62,44
3,14;22,74;0,00;11,33;4,80;62,78
3,46;22,39;0,00;12,41;4,12;63,59
2,86;22,68;0,00;12,07;4,56;63,33
3,16;21,99;0,00;13,62;3,30;64,32
3,49;22,51;0,00;12,80;2,89;63,84
3,49;23,22;0,00;12,80;2,89;63,84
3,49;23,22;0,00;12,80;2,89;63,84
3,49;23,22;0,00;13,17;2,53;63,84
3,49;24,04;0,00;12,73;2,50;64,22
3,49;24,04;0,00;13,09;2,50;64,24
3,49;23,33;0,00;13,50;2,19;63,94
3,49;23,33;0,00;13,50;2,50;64,24
3,49;23,02;0,00;13,19;2,40;63,94
3,49;23,33;0,00;13,19;2,09;63,94
3,49;23,64;0,00;13,19;1,79;63,94
3,16;23,64;0,00;13,19;2,12;63,62
3,16;23,64;0,00;13,13;2,12;62,95
3,53;23,25;0,00;13,13;2,12;62,95
3,53;23,25;0,00;13,81;2,12;63,63
3,53;22,81;0,00;13,81;2,56;63,63
3,21;23,12;0,00;14,12;2,95;63,93
3,21;23,12;0,00;14,12;3,75;64,37
3,21;23,18;0,00;13,42;3,75;64,05
3,21;23,25;0,00;13,79;2,95;64,05
3,21;23,25;0,00;13,48;2,95;64,05
3,21;23,35;0,00;13,11;3,31;64,05
3,21;23,05;0,00;12,45;3,67;63,75
3,21;23,74;0,00;12,45;3,67;64,44
3,21;21,92;0,00;12,82;3,67;64,13
2,56;21,92;0,00;13,13;3,67;63,72
2,56;22,56;0,00;13,25;3,67;64,25
2,56;22,56;0,00;13,25;3,67;64,56
2,56;21,44;0,00;13,61;3,98;63,74
2,56;22,16;0,00;13,61;3,98;64,35
2,56;23,32;0,00;13,61;4,38;64,71
2,20;23,63;0,00;13,61;4,07;65,07
2,20;23,34;0,00;14,20;4,07;65,07
1,89;22,93;0,00;14,88;3,71;64,72
2,29;23,33;0,00;14,56;3,31;64,72
2,29;23,77;0,00;13,46;3,67;64,72
2,29;23,02;0,00;13,46;3,67;64,37
1,89;22,28;0,00;13,89;3,67;64,42
1,89;22,89;0,00;14,26;3,96;64,72
2,25;23,20;0,00;13,89;3,96;65,03
2,25;23,45;0,00;13,89;3,96;65,38
2,25;23,45;0,00;13,89;3,96;65,38
2,25;23,55;0,00;13,85;3,62;64,73
2,25;23,48;0,00;14,29;3,26;64,73
2,25;23,84;0,00;14,29;3,26;64,36
2,25;23,84;0,00;13,99;3,26;64,36
2,25;23,54;0,00;14,29;3,26;63,71
2,25;23,98;0,00;13,55;3,26;63,63
2,25;25,11;0,00;13,24;3,26;63,78
2,25;24,06;0,00;14,03;3,26;64,12
2,25;23,76;0,00;14,03;3,26;63,82
1,89;23,95;0,00;13,71;3,57;64,12
1,89;23,95;0,00;13,71;3,57;64,12
1,89;24,06;0,00;14,02;3,57;63,76
1,89;24,06;0,00;14,02;3,57;63,76
1,89;23,63;0,00;14,02;3,57;63,39
2,24;23,28;0,00;14,02;3,57;63,39
2,24;22,83;0,00;14,02;3,66;63,02
1,37;23,50;0,00;14,16;3,66;63,39
1,37;23,70;0,00;13,64;4,29;64,02
1,37;23,39;0,00;13,58;4,86;64,02
1,37;23,09;0,00;14,07;5,17;64,09
1,37;23,45;0,00;14,07;5,17;64,50
1,02;23,82;0,00;14,07;5,17;64,50
1,02;23,72;0,00;13,76;5,48;64,09
1,02;23,60;0,00;14,10;4,35;64,09
1,02;23,64;0,00;14,36;4,71;64,78
1,02;23,32;0,00;14,68;4,72;64,90
1,33;23,29;0,00;15,02;5,13;65,20
1,33;24,06;0,00;14,40;4,87;65,82
1,64;23,43;0,00;14,02;5,24;65,51
1,64;23,43;0,00;14,06;4,80;66,17
1,64;23,38;0,00;14,49;4,80;66,23
1,64;23,10;0,00;14,49;4,80;65,16
1,64;23,45;0,00;14,49;4,80;65,51
2,04;22,16;0,00;15,38;4,80;65,51
2,02;20,71;0,00;15,08;4,81;64,89
2,02;20,71;0,00;15,08;5,11;65,19
1,62;21,53;0,00;15,08;5,11;65,20
1,96;21,92;0,00;14,42;5,11;64,85
1,68;23,11;0,00;14,80;4,80;65,52
1,99;22,70;0,00;14,46;4,49;64,87
2,30;22,85;0,00;14,77;4,12;65,53
2,30;22,30;0,00;15,19;3,73;65,53
1,99;22,64;0,00;15,15;4,43;65,09
0,66;22,23;0,00;15,19;5,05;64,73
0,66;22,24;0,00;15,19;5,40;64,76
1,37;23,02;0,00;14,81;5,40;64,76
1,73;23,72;0,00;13,07;5,71;64,73
1,73;23,72;0,00;12,76;5,71;64,73
2,43;23,06;0,00;12,76;5,71;64,77
2,43;21,96;0,00;12,63;5,71;64,77
2,43;20,15;0,00;11,85;6,14;63,64
2,43;20,15;0,00;11,85;6,14;64,05
2,43;20,50;0,00;12,26;6,14;64,40
2,43;20,50;0,00;12,26;6,14;64,40
2,14;20,79;0,00;12,26;6,14;64,40
2,14;20,46;0,00;12,57;6,14;64,40
2,14;20,05;0,00;12,98;6,14;64,40
2,14;20,72;0,00;12,98;6,14;64,40
1,73;21,51;0,00;13,34;6,14;64,40
1,73;20,98;0,00;13,04;5,84;63,58
1,73;21,55;0,00;13,34;6,48;64,22
2,01;21,31;0,00;12,97;6,48;63,49
2,01;21,36;0,00;12,97;6,83;63,49
2,01;20,60;0,00;12,97;6,44;63,14
2,08;21,29;0,00;12,63;6,10;62,73
2,08;20,82;0,00;12,29;6,10;62,04
2,08;21,21;0,00;12,29;6,10;62,43
1,80;21,82;0,00;11,64;6,10;62,40
1,80;22,01;0,00;10,78;6,36;62,75
1,80;22,36;0,00;10,23;6,36;62,75
1,80;21,68;0,00;10,22;6,36;62,39
1,80;21,80;0,00;10,89;6,36;62,75
1,80;21,72;0,00;11,23;6,36;63,01
2,23;22,81;0,00;10,89;5,92;62,76
2,23;24,02;0,00;10,89;5,19;62,81
2,23;24,02;0,00;10,88;5,19;62,81
2,23;24,80;0,00;10,88;5,19;63,16
2,23;24,80;0,00;11,14;5,19;63,76
2,23;24,14;0,34;10,81;5,50;63,39
2,23;24,09;0,34;10,50;5,50;62,55
2,23;23,91;0,34;10,50;5,50;62,78
2,60;22,83;0,00;11,96;5,50;62,08
2,60;23,20;0,00;11,96;5,50;62,08
2,23;23,13;0,00;12,05;4,76;61,29
1,87;23,95;0,00;11,94;4,76;61,23
1,87;24,24;0,00;11,63;4,47;60,92
1,56;24,55;0,00;11,01;4,16;60,92
1,56;24,06;0,00;10,70;3,86;60,31
1,56;24,47;0,00;11,01;3,86;60,72
0,78;24,47;0,00;11,35;4,16;60,13
1,21;24,61;0,00;10,92;4,16;60,27
1,21;24,61;0,00;10,92;4,16;60,27
1,21;24,34;0,00;10,61;4,78;60,23
1,21;25,10;0,00;10,61;4,78;60,66
1,21;25,10;0,00;10,61;4,78;60,66
1,21;24,32;0,00;10,97;4,78;60,66
1,52;23,60;0,00;11,34;4,78;60,98
0,67;23,62;0,00;11,34;5,21;61,46
0,67;22,63;0,00;11,70;5,21;61,46
1,04;23,00;0,00;9,33;5,21;59,81
0,73;24,38;0,00;8,33;5,21;58,67
0,73;25,09;0,00;8,64;4,60;59,08
0,73;25,09;0,00;8,64;5,31;59,39
0,73;25,50;0,00;7,89;5,31;59,39
0,36;25,81;0,00;7,94;5,31;59,35
1,19;25,68;0,00;7,65;5,31;59,35
0,77;26,10;0,00;7,65;5,31;59,35
0,77;26,11;0,00;7,65;4,70;58,36
0,77;26,47;0,00;7,29;5,00;58,25
1,13;26,90;0,00;7,24;4,69;58,25
1,13;27,17;0,00;6,89;5,02;58,25
1,13;26,76;0,00;6,63;5,02;57,99
1,44;26,54;0,00;6,32;5,33;58,34
1,44;25,94;0,00;6,61;4,70;57,71
1,44;25,94;0,00;5,95;5,00;57,70
1,80;25,22;0,00;5,95;4,69;57,35
2,13;25,53;0,00;5,23;4,05;57,03
1,80;25,83;0,00;5,55;4,68;57,65
1,76;26,55;0,00;5,55;4,68;57,24
1,76;26,56;0,00;5,55;4,68;56,59
1,50;26,81;0,00;5,91;4,69;56,94
0,77;27,18;0,00;5,91;4,69;56,58
0,77;26,91;0,00;5,91;4,99;56,89
0,77;27,22;0,26;5,59;4,68;56,57
0,77;27,22;0,26;5,59;4,38;56,27
0,77;27,53;0,26;5,59;3,75;55,95
1,21;27,84;0,26;5,59;3,01;55,32
1,21;28,15;0,26;5,05;3,55;56,25
1,21;28,51;0,26;4,69;3,55;56,25
1,21;28,51;0,26;4,69;3,55;55,86
1,21;27,58;0,00;4,69;2,72;54,45
1,90;27,33;0,00;5,30;2,34;54,75
1,90;26,92;0,00;4,94;1,98;54,04
1,95;26,51;0,00;4,94;1,61;54,56
1,59;26,98;0,00;4,94;1,61;53,91
1,21;27,06;0,00;4,94;1,61;53,61
1,21;27,71;0,00;4,94;1,61;53,91
1,21;27,71;0,00;4,94;1,61;53,91
1,21;27,71;0,00;4,94;1,61;53,91
1,21;27,41;0,00;4,63;1,61;52,93
0,84;27,41;0,00;4,63;1,97;52,93
0,84;27,41;0,00;4,63;1,97;52,93
0,84;27,41;0,00;4,63;1,97;52,93
0,84;27,41;0,00;4,63;1,97;52,93
0,84;27,41;0,26;4,63;1,97;52,93
0,84;27,71;0,26;4,63;1,97;52,92
0,84;27,71;0,26;4,63;1,97;52,92
0,84;27,77;0,26;4,63;1,97;52,62
0,84;26,94;0,26;4,63;1,97;52,13
0,84;24,45;0,26;6,10;1,97;51,43
0,84;22,98;0,26;4,66;2,67;50,00
0,84;22,50;0,26;3,81;2,67;48,28
0,84;21,48;0,00;3,62;3,21;48,33
0,84;20,40;0,00;3,26;3,57;46,97
0,84;20,04;0,00;4,03;3,57;46,97
0,84;18,99;0,00;4,03;3,31;46,10
0,84;18,17;0,00;4,03;3,31;44,54
0,84;18,13;0,00;4,35;3,31;44,35
1,21;17,72;0,00;4,71;3,31;43,64
0,84;17,40;0,00;4,71;3,29;42,62
0,43;17,42;0,00;4,71;3,29;42,62
0,43;17,39;0,00;4,71;3,29;42,32
0,43;16,59;0,00;4,37;3,65;41,50
0,43;16,53;0,00;4,37;3,29;41,42
0,43;15,98;0,00;4,37;3,58;41,10
0,43;15,98;0,00;4,37;3,58;41,44
0,43;15,68;0,00;4,37;3,93;40,82
0,43;15,68;0,00;4,37;3,93;40,82
0,43;15,68;0,00;4,37;3,93;41,13
0,43;15,57;0,00;4,37;3,93;40,80
0,43;14,85;0,00;4,37;3,93;40,80
0,43;14,85;0,00;4,36;3,93;40,53
0,43;15,28;0,00;4,36;3,57;40,23
0,43;15,28;0,00;4,36;3,57;40,23
0,80;14,86;0,00;4,36;3,57;40,17
0,43;14,57;0,00;4,36;3,02;39,26
0,43;14,98;0,00;4,36;3,02;39,26
0,43;15,28;0,00;4,36;3,02;39,56
0,74;14,97;0,00;4,05;3,02;39,19
0,74;14,19;0,00;4,05;3,02;38,92
0,74;13,54;0,00;4,05;3,02;38,25
0,74;13,19;0,00;4,40;3,02;37,94
0,74;13,19;0,00;4,05;3,02;37,15
0,74;13,19;0,00;4,05;3,02;37,57
0,43;12,78;0,00;4,36;3,02;37,57
0,43;12,78;0,00;4,36;3,02;37,93
0,43;12,45;0,00;4,00;3,02;37,57
0,43;12,09;0,00;4,00;3,02;37,20
0,43;12,50;0,00;4,00;2,68;36,45
0,43;12,50;0,00;4,00;2,03;35,51
0,43;11,74;0,00;4,00;2,03;35,09
0,43;11,74;0,00;4,00;2,03;35,09
0,43;11,21;0,00;4,00;2,03;34,53
0,43;11,62;0,00;4,00;2,03;34,23
0,43;11,19;0,00;4,00;2,03;34,19
0,43;11,25;0,00;3,64;2,03;34,25
0,43;10,84;0,00;3,33;2,34;34,67
0,43;10,84;0,00;3,33;2,34;34,67
0,43;11,14;0,00;3,64;2,39;34,56
0,43;11,14;0,00;3,64;2,39;34,97
0,43;11,14;0,00;3,28;2,39;34,61
0,43;10,84;0,00;3,88;2,39;34,91
0,43;10,43;0,00;3,88;2,70;34,09
0,43;10,37;0,00;4,24;2,70;34,39
0,43;10,37;0,00;3,99;2,70;34,13
0,43;10,07;0,00;3,99;2,70;33,96
0,43;9,76;0,00;3,99;2,70;33,47
0,43;9,76;0,00;4,42;2,39;32,80
0,43;9,79;0,00;4,07;2,39;32,07
0,80;9,79;0,00;4,07;1,67;31,76
0,80;10,10;0,00;4,07;1,36;31,76
0,80;9,69;0,00;3,64;1,01;31,41
0,80;9,99;0,00;3,64;1,01;31,30
0,80;9,69;0,00;4,05;0,60;31,35
0,80;9,30;0,00;4,05;0,60;31,05
1,27;9,30;0,00;4,05;0,60;30,66
1,27;9,66;0,00;4,05;0,60;30,24
1,27;9,23;0,00;3,64;0,60;29,81
1,27;9,23;0,00;3,64;0,60;29,50
1,27;8,88;0,00;3,64;0,95;29,08
1,27;8,56;0,00;3,64;0,95;29,08
1,27;8,56;0,00;3,64;0,95;29,08
1,27;8,92;0,00;3,27;0,95;28,78
1,27;8,16;0,00;3,63;0,95;28,78
1,27;7,80;0,00;3,22;0,95;28,01
1,27;7,80;0,00;3,22;0,95;28,01
1,27;7,73;0,00;3,22;0,95;27,58
1,27;7,42;0,00;3,22;0,95;27,27
1,27;7,73;0,00;3,22;0,95;26,92
1,27;7,36;0,00;3,22;0,95;26,92
1,27;7,67;0,00;3,22;0,95;26,92
1,27;7,36;0,00;3,22;0,95;26,21
1,27;7,77;0,00;3,22;0,95;26,21
1,27;7,46;0,00;3,22;0,95;26,33
1,27;7,46;0,00;3,22;0,95;25,89
1,27;7,37;0,00;3,22;0,95;25,19
1,27;7,37;0,00;3,22;0,95;25,56
1,27;7,78;0,00;3,22;0,95;25,56
1,27;7,41;0,00;3,22;0,95;25,56
1,27;7,82;0,00;3,22;0,95;25,56
0,80;7,78;0,00;3,22;0,95;25,97
0,80;8,08;0,00;3,22;0,95;26,28
0,80;8,08;0,00;3,22;0,95;25,93
0,80;7,41;0,00;3,22;0,95;25,93
0,80;7,82;0,00;3,22;0,95;25,57
0,80;7,82;0,00;3,22;0,95;25,57
0,80;7,81;0,00;3,22;0,95;25,86
0,80;7,40;0,00;3,22;0,95;25,86
0,80;8,38;0,00;3,22;0,95;25,49
0,80;7,97;0,00;3,22;0,95;25,08
0,80;7,97;0,00;2,86;0,95;25,08
0,80;6,87;0,00;3,22;0,95;25,08
0,80;7,28;0,00;2,78;1,32;24,65
0,36;6,93;0,00;3,13;1,32;23,86
0,36;6,93;0,00;3,13;1,32;23,49
0,36;7,00;0,00;3,13;0,95;23,19
0,36;7,00;0,00;3,13;0,95;23,19
0,36;6,59;0,00;2,79;0,95;22,85
0,36;7,00;0,00;2,79;0,60;22,80
0,36;6,69;0,00;2,79;0,60;22,43
0,36;7,37;0,00;2,79;0,60;22,13
0,36;7,37;0,00;2,79;0,60;22,13
0,36;8,10;0,00;2,79;0,60;22,56
0,36;7,80;0,00;2,13;0,60;21,90
0,36;7,80;0,00;2,13;0,60;21,34
0,36;7,73;0,00;1,81;0,60;21,33
0,36;7,73;0,00;1,47;0,60;20,98
0,36;7,73;0,00;1,47;0,60;20,64
0,36;7,80;0,00;1,47;0,60;20,34
0,36;7,37;0,00;1,47;0,60;20,34
0,36;7,77;0,00;1,11;0,60;19,22
0,36;7,42;0,00;1,11;0,60;18,87
0,36;7,42;0,00;1,11;0,60;18,45
0,00;7,42;0,00;1,11;0,60;18,09
0,00;6,70;0,00;1,11;0,60;17,74
0,00;6,03;0,00;1,11;0,60;17,74
0,00;5,53;0,00;1,11;0,60;17,23
0,00;5,17;0,00;1,11;0,60;16,51
0,00;5,17;0,00;1,11;0,60;16,51
0,00;5,17;0,00;1,11;0,60;16,51
0,00;5,17;0,00;1,11;0,60;16,51
0,00;5,17;0,00;1,11;0,60;16,01
0,00;5,17;0,00;1,11;0,60;16,01
0,00;5,22;0,00;1,11;0,60;15,33
0,00;5,52;0,00;1,11;0,60;16,07
0,00;5,52;0,00;1,11;0,60;15,73
0,00;5,52;0,00;1,11;0,60;15,73
0,00;5,22;0,00;0,76;0,60;15,42
0,00;5,52;0,00;0,76;0,60;15,72
0,00;5,52;0,00;0,76;0,60;15,72
0,00;5,21;0,00;0,76;0,60;15,72
0,00;4,49;0,00;0,76;0,60;15,37
0,00;3,83;0,00;0,76;0,60;14,23
0,00;4,50;0,00;0,76;0,60;14,53
0,00;4,50;0,00;0,76;0,60;14,53
0,48;4,19;0,00;0,76;0,60;15,01
0,48;4,55;0,00;0,76;0,60;14,58
0,00;4,25;0,00;0,76;0,60;14,28
0,00;4,56;0,00;1,17;0,60;13,84
0,00;4,86;0,00;1,17;0,60;13,78
0,00;4,45;0,00;0,76;0,60;13,42
0,00;4,45;0,00;0,76;0,60;13,05
0,00;4,45;0,00;0,76;0,60;13,09
0,00;4,14;0,00;0,76;0,60;12,42
0,36;3,37;0,00;0,76;0,60;12,78
0,36;3,06;0,00;0,76;0,60;12,78
0,36;2,70;0,00;0,76;0,60;12,42
0,36;2,70;0,00;0,76;0,60;12,42
0,36;2,70;0,00;0,76;0,60;12,42
0,36;3,11;0,00;0,76;0,60;12,06
0,00;3,11;0,00;0,76;0,60;12,42
0,00;3,11;0,00;0,76;0,60;12,42
0,00;3,01;0,00;0,76;0,60;12,42
0,00;3,01;0,00;0,76;0,60;12,42
0,00;3,01;0,00;0,76;0,60;12,42
0,00;3,01;0,00;0,76;0,60;12,42
0,00;2,64;0,00;0,76;0,60;12,42
0,00;3,11;0,00;1,24;0,60;12,11
0,00;3,11;0,00;1,24;0,60;11,63
0,00;3,11;0,00;1,24;0,60;11,63
0,00;2,70;0,00;1,24;0,60;11,31
0,00;2,70;0,00;1,24;0,60;10,95
0,00;2,70;0,00;1,24;0,60;10,95
0,00;2,39;0,00;1,24;0,60;10,64
0,00;2,80;0,00;1,24;0,60;10,64
0,00;2,80;0,00;1,24;0,60;10,27
0,00;2,80;0,00;1,24;0,60;10,64
0,00;2,80;0,00;1,24;0,60;10,64
0,48;2,39;0,00;0,76;0,60;10,64
0,00;2,80;0,00;0,76;0,60;10,64
0,00;2,80;0,00;0,76;0,60;10,64
0,00;2,80;0,00;0,76;0,60;9,86
0,00;2,80;0,00;0,76;0,60;9,95
0,00;2,80;0,00;0,76;0,60;9,95
0,00;2,39;0,00;0,76;0,60;9,95
0,00;2,65;0,00;0,76;0,60;9,95
0,00;2,65;0,00;0,76;0,60;10,31
0,00;3,06;0,00;0,76;0,60;10,31
0,26;2,80;0,00;0,76;0,60;10,31
0,26;2,80;0,00;0,35;0,60;10,31
0,00;2,80;0,00;0,35;0,86;10,31
0,00;2,80;0,00;0,35;0,86;10,31
0,00;2,80;0,00;0,35;0,86;10,31
0,00;2,39;0,00;0,35;0,86;9,95
0,00;2,39;0,00;0,35;0,86;9,95
0,00;2,80;0,00;0,35;0,86;10,31
0,00;2,80;0,00;0,35;0,86;9,88
0,00;2,80;0,00;0,35;0,86;10,31
0,00;2,39;0,00;0,35;0,86;10,31
0,00;2,39;0,00;0,35;0,86;10,31
0,00;2,39;0,00;0,35;0,86;10,31
0,00;2,39;0,00;0,35;0,86;10,31
0,00;2,39;0,00;0,35;0,86;10,31
0,00;2,39;0,00;0,35;0,86;10,31
0,00;2,39;0,00;0,35;0,86;10,31
0,00;2,65;0,00;0,35;0,60;10,63
0,00;2,65;0,00;0,35;0,29;10,32
0,00;3,06;0,00;0,35;0,29;9,93
0,00;3,06;0,00;0,35;0,29;9,93
0,00;3,06;0,00;0,35;0,29;10,32
0,00;2,80;0,00;0,35;0,29;10,32
0,00;2,80;0,00;0,35;0,29;10,32
0,00;2,80;0,00;0,35;0,29;10,32
0,00;2,80;0,00;0,35;0,29;10,32
0,00;3,17;0,00;0,35;0,29;10,69
0,00;3,17;0,00;0,35;0,29;10,38
0,00;3,17;0,00;0,35;0,29;10,38
0,00;3,17;0,00;0,35;0,29;10,38
0,00;3,17;0,00;0,35;0,29;10,38
0,00;2,76;0,00;0,35;0,29;10,38
0,00;2,39;0,00;0,35;0,29;10,38
0,00;2,39;0,00;0,35;0,29;10,38
0,00;2,03;0,00;0,35;0,29;10,38
0,00;2,03;0,00;0,35;0,29;10,38
0,00;2,03;0,00;0,35;0,29;10,38
0,00;2,03;0,00;0,35;0,29;10,38
0,00;2,03;0,00;0,35;0,29;10,38
0,00;2,44;0,00;0,35;0,29;10,38
0,00;2,80;0,00;0,35;0,29;10,38
0,36;2,44;0,00;0,35;0,29;10,38
0,36;2,03;0,00;0,35;0,29;10,38
0,36;2,03;0,00;0,35;0,29;10,38
0,36;2,03;0,00;0,35;0,29;10,38
0,36;2,03;0,00;0,35;0,29;10,38
0,36;2,03;0,00;0,35;0,29;10,38
0,36;2,03;0,00;0,35;0,29;10,38
0,36;2,03;0,00;0,35;0,29;10,38
0,36;2,33;0,00;0,35;0,29;10,69
0,36;2,33;0,00;0,35;0,29;10,69
0,36;2,33;0,00;0,35;0,29;10,69
0,36;2,33;0,00;0,35;0,29;10,69
0,36;2,33;0,00;0,35;0,29;10,69
0,36;2,72;0,00;0,35;0,29;10,69
0,36;2,72;0,00;0,35;0,29;10,69
0,36;2,72;0,00;0,35;0,29;10,69
0,36;2,74;0,00;0,35;0,29;10,30
0,36;2,74;0,00;0,35;0,29;9,90
0,36;2,74;0,00;0,35;0,29;9,90
0,36;2,74;0,00;0,35;0,29;9,90
0,36;2,74;0,00;0,35;0,29;9,90
0,36;2,74;0,00;0,35;0,29;9,90
0,36;2,74;0,00;0,35;0,29;9,90
0,36;2,37;0,00;0,35;0,29;9,53
0,36;2,37;0,00;0,35;0,29;9,53
0,36;2,37;0,00;0,35;0,29;9,53
0,00;2,37;0,00;0,35;0,66;9,53
0,00;2,37;0,00;0,35;0,66;9,53
0,00;2,78;0,00;0,35;0,66;9,53
0,00;2,78;0,00;0,35;0,66;9,53
0,00;3,15;0,00;0,35;0,66;9,53
0,00;2,74;0,00;0,35;0,66;9,12
0,00;2,74;0,00;0,35;0,66;9,12
0,00;2,74;0,00;0,35;0,66;9,12
0,36;2,74;0,00;0,35;0,29;9,12
0,36;3,15;0,00;0,35;0,29;9,12
0,36;2,84;0,00;0,35;0,29;8,81
0,36;2,84;0,00;0,35;0,29;8,81
0,36;2,43;0,00;0,35;0,29;8,81
0,36;2,43;0,00;0,35;0,29;8,81
0,36;2,43;0,00;0,35;0,29;8,81
0,36;2,43;0,00;0,35;0,29;8,81
0,36;2,43;0,00;0,35;0,29;8,81
0,36;2,43;0,00;0,35;0,29;8,81
0,36;2,74;0,00;0,35;0,29;9,12
0,36;2,74;0,00;0,35;0,29;9,12
0,36;2,74;0,00;0,35;0,29;9,12
0,36;3,15;0,00;0,35;0,29;8,69
0,36;3,15;0,00;0,35;0,29;9,12
0,36;3,15;0,00;0,35;0,29;8,69
0,36;3,15;0,00;0,35;0,29;8,69
0,36;3,15;0,00;0,35;0,29;8,37
0,36;3,15;0,00;0,35;0,29;8,37
0,36;3,15;0,00;0,35;0,29;8,37
0,36;2,74;0,00;0,35;0,29;8,37
0,36;2,74;0,00;0,35;0,29;8,37
0,36;2,74;0,00;0,35;0,29;8,68
0,36;3,15;0,00;0,35;0,29;8,68
0,36;3,15;0,00;0,35;0,29;8,68
0,36;3,15;0,00;0,35;0,29;8,68
0,36;3,15;0,00;0,35;0,29;8,68
0,00;3,15;0,00;0,35;0,66;8,68
0,31;2,84;0,00;0,35;0,66;8,68
0,31;2,84;0,00;0,35;0,66;8,68
0,31;2,84;0,00;0,35;0,66;8,68
0,31;2,84;0,00;0,35;0,66;8,68
0,31;2,84;0,00;0,35;0,66;8,68
0,67;2,43;0,00;0,35;0,29;8,68
0,67;2,12;0,00;0,35;0,29;8,37
0,67;2,12;0,00;0,35;0,29;8,37
0,67;2,53;0,00;0,35;0,29;8,37
0,67;2,53;0,00;0,35;0,29;8,37
0,67;2,53;0,00;0,35;0,29;8,01
0,67;2,53;0,00;0,35;0,29;8,01
0,67;2,53;0,00;0,35;0,29;7,53
0,67;2,53;0,00;0,35;0,29;7,53
0,67;2,87;0,00;0,35;0,29;7,87
0,67;2,83;0,00;0,35;0,29;8,23
0,67;2,46;0,00;0,35;0,29;8,23
0,67;2,46;0,00;0,35;0,00;8,36
0,67;2,46;0,00;0,35;0,00;8,36
0,67;2,89;0,00;0,35;0,00;8,36
0,67;2,89;0,00;0,35;0,00;8,36
0,67;3,20;0,00;0,35;0,00;8,36
0,67;3,51;0,00;0,35;0,00;8,68
0,67;3,51;0,00;0,77;0,00;9,09
0,67;3,10;0,00;0,77;0,00;8,68
0,67;3,10;0,00;0,77;0,00;8,68
0,36;3,41;0,00;0,77;0,00;8,68
0,36;3,76;0,00;0,77;0,00;9,03
0,00;3,45;0,00;0,77;0,00;8,67
0,00;3,45;0,00;0,77;0,00;8,67
0,00;3,45;0,00;0,77;0,00;8,67
0,00;3,45;0,00;0,77;0,00;8,67
0,00;3,76;0,00;0,77;0,00;8,67
0,00;3,76;0,00;0,77;0,00;8,67
0,00;3,76;0,00;0,77;0,00;8,67
0,00;3,86;0,00;0,35;0,00;8,67
0,00;3,86;0,00;0,35;0,00;8,67
0,34;3,86;0,00;0,35;0,00;9,01
0,34;3,55;0,00;0,35;0,00;8,70
0,34;3,55;0,00;0,35;0,00;8,70
0,34;3,86;0,00;0,35;0,00;8,70
0,34;4,23;0,00;0,35;0,00;9,07
0,34;4,23;0,00;0,35;0,00;9,07
0,34;3,55;0,00;0,35;0,00;8,81
0,34;3,86;0,00;0,35;0,00;8,81
0,34;4,21;0,00;0,35;0,00;9,16
0,34;4,89;0,00;0,35;0,00;9,47
0,34;4,89;0,00;0,35;0,00;9,47
0,34;4,89;0,00;0,35;0,00;9,47
0,34;4,89;0,00;0,35;0,00;9,47
0,34;4,89;0,00;0,35;0,00;9,47
0,34;4,58;0,00;0,35;0,00;9,47
0,34;4,58;0,00;0,35;0,00;9,47
0,34;4,58;0,00;0,35;0,00;9,47
0,34;4,21;0,00;0,35;0,00;9,10
0,34;4,57;0,00;0,35;0,00;9,10
0,34;4,57;0,00;0,35;0,00;9,10
0,34;4,57;0,00;0,35;0,00;9,10
0,34;4,88;0,00;0,35;0,00;9,10
0,34;4,88;0,00;0,35;0,00;8,73
0,34;4,88;0,00;0,35;0,00;8,73
0,34;4,88;0,00;0,35;0,00;8,73
0,34;4,88;0,00;0,35;0,00;8,73
0,34;4,88;0,00;0,35;0,00;8,73
0,34;4,88;0,00;0,35;0,00;8,73
0,34;4,88;0,00;0,35;0,00;8,73
0,34;4,57;0,00;0,35;0,00;8,73
0,34;4,57;0,00;0,35;0,00;8,38
0,34;4,16;0,00;0,35;0,00;8,38
0,34;4,16;0,00;0,35;0,00;8,38
0,34;3,81;0,00;0,35;0,00;8,04
0,34;3,81;0,00;0,35;0,00;8,04
0,34;3,81;0,00;0,35;0,00;8,04
0,34;4,87;0,00;0,35;0,00;8,38
0,34;4,87;0,00;0,35;0,00;8,38
0,34;4,87;0,00;0,35;0,00;7,96
0,34;4,46;0,00;0,35;0,00;7,96
0,70;4,46;0,00;0,35;0,00;8,33
0,70;4,46;0,00;0,35;0,00;8,33
0,70;4,87;0,00;0,35;0,00;8,33
0,70;4,45;0,00;0,35;0,00;7,90
0,70;4,14;0,00;0,35;0,00;7,90
0,70;4,45;0,00;0,35;0,00;7,90
0,70;4,45;0,00;0,35;0,00;7,90
0,36;4,14;0,00;0,35;0,00;7,54
0,36;3,83;0,00;0,35;0,00;7,54
0,36;3,07;0,00;0,69;0,00;7,54
0,36;3,42;0,00;0,35;0,00;7,54
0,36;3,42;0,00;0,35;0,00;7,54
0,36;3,42;0,00;0,35;0,00;8,14
0,36;3,42;0,00;0,35;0,00;8,14
0,36;3,42;0,00;0,35;0,00;8,14
0,36;3,76;0,00;0,35;0,00;8,48
0,36;3,40;0,00;0,35;0,00;8,12
0,36;3,40;0,00;0,35;0,00;8,12
0,36;3,40;0,00;0,35;0,00;8,48
0,36;4,12;0,00;0,35;0,00;8,48
0,36;4,12;0,00;0,35;0,00;8,48
0,70;4,43;0,00;0,35;0,00;8,48
0,70;4,43;0,00;0,35;0,00;8,48
0,70;4,43;0,00;0,35;0,00;8,48
0,70;3,71;0,00;0,35;0,00;8,48
0,70;3,71;0,00;0,35;0,00;8,48
0,70;3,71;0,00;0,35;0,00;8,48
0,70;3,71;0,00;0,35;0,00;8,48
0,70;3,40;0,00;0,78;0,00;8,60
0,70;3,40;0,00;0,78;0,00;8,60
0,70;3,77;0,00;0,78;0,00;8,97
0,70;4,20;0,00;0,35;0,00;8,97
0,70;4,20;0,00;0,35;0,00;8,97
0,70;4,51;0,00;0,35;0,00;9,40
0,70;4,80;0,00;0,35;0,00;9,40
0,70;4,80;0,00;0,35;0,00;9,40
0,70;5,21;0,00;0,35;0,00;9,40
0,34;5,57;0,00;0,35;0,36;9,40
0,34;5,93;0,00;0,35;0,00;9,40
0,34;5,95;0,00;0,35;0,00;9,73
0,34;6,39;0,00;0,35;0,00;10,09
0,34;6,39;0,00;0,35;0,00;10,09
0,34;6,39;0,00;0,35;0,00;10,09
0,34;5,54;0,00;0,35;0,00;10,09
0,34;5,88;0,00;0,35;0,00;10,12
0,34;5,88;0,00;0,35;0,00;10,12
0,34;5,87;0,00;0,00;0,00;9,75
0,34;5,94;0,00;0,00;0,00;9,75
0,34;5,63;0,00;0,00;0,00;9,75
0,34;5,63;0,00;0,00;0,00;9,75
0,34;5,20;0,00;0,00;0,00;9,75
0,34;5,20;0,00;0,00;0,00;9,75
0,00;5,54;0,00;0,00;0,00;10,09
0,00;5,89;0,00;0,31;0,00;10,10
0,00;5,89;0,00;0,31;0,00;10,10
0,00;6,61;0,00;0,31;0,00;10,87
0,00;7,40;0,00;0,31;0,00;11,25
0,00;7,88;0,00;0,31;0,00;12,03
0,00;8,46;0,00;0,31;0,00;12,18
0,00;8,82;0,00;0,31;0,00;12,49
0,00;8,82;0,00;0,31;0,00;12,86
0,00;8,72;0,00;0,31;0,00;12,86
0,00;8,82;0,00;0,31;0,00;12,52
0,00;8,81;0,00;0,31;0,29;13,16
0,00;8,45;0,00;0,31;0,29;12,80

