[  PERIODOS BÁSICOS  ] (Total Domicílios|Grande Rio de Janeiro|30/05/2022|Live|Rat%|All)
0,23;7,40;0,00;0,35;1,30;12,85
0,37;7,25;0,00;0,35;1,30;12,81
0,54;7,25;0,00;0,35;1,30;12,97
0,54;7,44;0,00;0,35;1,05;13,06
0,54;7,56;0,00;0,35;1,15;12,92
0,39;7,56;0,00;0,44;1,15;12,86
0,39;7,41;0,00;0,44;1,26;12,86
0,39;7,55;0,00;0,35;1,35;12,88
0,39;7,54;0,00;0,35;1,37;13,10
0,39;7,83;0,00;0,35;1,37;13,45
0,39;8,17;0,00;0,35;1,48;13,90
0,39;8,26;0,00;0,35;1,28;13,90
0,39;8,27;0,11;0,35;1,39;14,01
0,39;7,93;0,00;0,35;1,49;13,80
0,39;7,82;0,00;0,35;1,39;13,70
0,39;8,07;0,00;0,35;1,53;13,90
0,39;7,96;0,00;0,35;1,53;13,98
0,39;8,19;0,00;0,35;1,43;14,09
0,39;8,28;0,00;0,35;1,43;14,24
0,39;8,58;0,00;0,35;1,43;14,69
0,25;9,24;0,00;0,35;1,63;15,32
0,25;9,13;0,00;0,35;1,63;15,13
0,25;8,88;0,12;0,35;1,63;14,97
0,25;8,63;0,12;0,35;1,63;14,85
0,25;8,72;0,00;0,35;1,63;14,88
0,25;8,82;0,00;0,35;1,63;14,85
0,39;9,00;0,00;0,35;1,39;15,00
0,76;8,91;0,00;0,35;1,29;14,94
0,51;9,27;0,00;0,35;1,55;15,38
0,36;9,53;0,00;0,35;1,69;15,50
0,25;9,46;0,00;0,35;1,69;15,20
0,25;9,54;0,00;0,47;1,76;15,35
0,25;9,66;0,00;0,47;1,74;15,34
0,25;9,70;0,00;0,76;1,74;15,66
0,25;9,28;0,00;0,74;1,63;15,29
0,25;9,38;0,00;0,74;1,80;15,72
0,25;9,08;0,00;0,92;1,80;15,72
0,25;9,20;0,00;0,92;1,80;15,80
0,25;9,43;0,00;0,92;1,86;16,07
0,25;9,50;0,00;0,92;1,86;16,14
0,25;9,62;0,00;0,99;1,68;16,14
0,25;9,17;0,00;0,99;1,68;16,30
0,25;9,67;0,00;0,99;1,68;16,56
0,25;9,66;0,00;0,99;1,68;16,42
0,25;9,78;0,00;0,99;1,54;16,65
0,25;9,97;0,00;0,99;1,54;16,86
0,09;10,15;0,00;0,92;1,64;16,86
0,09;10,44;0,00;1,05;1,64;16,99
0,09;10,22;0,00;1,05;1,64;17,03
0,09;9,97;0,00;1,05;1,64;17,22
0,09;10,27;0,00;1,05;1,54;17,11
0,09;10,57;0,00;1,05;1,43;17,31
0,15;10,36;0,00;1,23;1,53;17,45
0,09;10,36;0,00;1,54;1,44;17,92
0,09;10,80;0,00;1,20;1,44;18,00
0,09;10,72;0,00;1,24;1,21;17,73
0,09;11,03;0,00;1,24;1,21;17,97
0,20;11,01;0,00;1,34;1,21;18,16
0,36;11,15;0,00;1,46;1,21;18,50
0,36;11,02;0,00;1,36;1,21;18,39
0,36;11,00;0,00;1,36;1,32;18,46
0,36;11,00;0,00;1,50;1,32;18,60
0,36;10,91;0,00;1,74;1,32;18,75
0,36;10,95;0,00;1,50;1,45;18,69
0,36;11,21;0,00;1,35;1,61;18,85
0,36;11,43;0,00;1,35;1,48;18,78
0,36;11,26;0,00;1,42;1,44;19,05
0,42;11,36;0,00;1,50;1,50;19,20
0,42;10,96;0,00;1,61;1,50;19,10
0,42;10,98;0,00;1,71;1,38;19,17
0,42;10,98;0,00;1,71;1,38;19,17
0,36;11,36;0,00;1,44;1,38;19,32
0,36;11,87;0,00;1,47;1,38;19,51
0,36;12,12;0,00;1,36;1,38;19,63
0,20;12,02;0,00;1,46;1,38;19,60
0,29;12,00;0,00;1,60;1,54;20,14
0,29;11,81;0,00;1,60;1,64;20,09
0,36;11,72;0,00;1,60;1,64;20,00
0,44;11,89;0,00;1,60;1,64;20,01
0,44;11,66;0,00;1,61;1,69;20,09
0,44;11,35;0,00;1,61;1,69;19,61
0,44;11,28;0,00;1,68;1,77;19,82
0,44;11,49;0,00;1,63;1,77;19,79
0,44;12,09;0,00;1,63;1,69;20,34
0,44;12,00;0,07;1,70;1,50;19,92
0,34;12,00;0,00;1,86;1,50;20,01
0,34;12,12;0,00;2,05;1,65;20,40
0,34;12,31;0,00;1,94;1,66;20,67
0,34;12,17;0,00;2,08;1,90;21,05
0,34;11,60;0,00;2,34;1,79;20,87
0,34;11,20;0,00;2,34;1,79;20,94
0,46;11,99;0,00;2,05;1,80;21,09
0,46;12,19;0,00;2,26;1,66;21,48
0,46;12,19;0,00;2,26;1,52;21,53
0,46;12,61;0,00;2,36;1,60;22,12
0,46;12,98;0,00;2,26;1,70;22,27
0,46;13,17;0,00;2,25;1,70;22,34
0,46;12,92;0,00;2,25;1,70;22,69
0,37;13,08;0,00;2,47;1,60;23,05
0,37;13,38;0,00;2,05;1,70;23,11
0,49;13,21;0,00;1,98;1,67;23,02
0,49;13,29;0,00;2,22;1,67;23,09
0,49;13,29;0,00;2,21;1,67;23,22
0,35;13,22;0,00;2,21;1,67;23,13
0,35;13,25;0,00;2,21;1,67;23,26
0,35;13,42;0,07;2,09;1,67;23,25
0,53;13,42;0,00;2,09;1,67;23,44
0,36;13,69;0,00;2,09;1,67;23,67
0,36;13,69;0,00;2,09;1,67;23,67
0,36;13,18;0,00;2,33;1,46;23,39
0,37;13,34;0,00;2,62;1,29;23,77
0,18;13,33;0,00;2,73;1,29;23,76
0,18;13,10;0,00;2,65;1,29;23,76
0,18;13,35;0,00;2,51;1,25;23,62
0,18;13,14;0,00;2,51;1,36;23,56
0,19;13,40;0,00;2,39;1,68;23,84
0,11;13,50;0,00;2,20;1,62;24,15
0,11;13,56;0,00;2,09;1,62;24,13
0,11;13,51;0,00;2,02;1,80;24,08
0,11;13,69;0,00;2,31;1,50;24,21
0,11;13,72;0,00;2,53;1,43;24,64
0,11;13,69;0,00;2,62;1,43;24,83
0,11;13,48;0,00;2,62;1,43;24,64
0,11;13,83;0,00;2,62;1,43;24,82
0,11;13,68;0,15;2,62;1,43;25,02
0,11;13,78;0,15;2,40;1,52;25,08
0,11;13,94;0,15;2,60;1,50;25,24
0,11;13,77;0,15;2,54;1,50;25,05
0,18;14,08;0,00;2,57;1,55;24,98
0,18;14,24;0,00;2,66;1,55;25,38
0,18;13,80;0,00;2,76;1,66;25,14
0,11;14,01;0,11;2,76;1,62;25,34
0,11;13,94;0,11;2,76;1,62;25,42
0,11;13,56;0,11;3,05;1,52;25,49
0,11;13,54;0,11;3,03;1,52;25,32
0,26;13,54;0,11;3,17;1,52;25,51
0,26;13,65;0,11;3,08;1,52;25,79
0,35;14,07;0,11;2,82;1,45;26,22
0,35;14,07;0,11;2,85;1,31;26,10
0,35;14,20;0,11;2,96;1,23;26,28
0,35;14,14;0,11;2,85;1,12;26,03
0,35;13,89;0,11;2,91;1,10;25,94
0,26;14,12;0,11;2,91;1,21;26,33
0,26;14,05;0,11;2,85;1,21;26,19
0,26;14,25;0,11;2,85;1,21;26,42
0,26;14,45;0,11;2,74;1,30;26,70
0,26;14,27;0,11;2,85;1,30;26,86
0,33;14,26;0,11;2,63;1,37;26,93
0,33;14,82;0,11;2,73;1,27;27,06
0,33;14,81;0,11;2,73;1,15;26,95
0,26;14,90;0,18;2,73;1,37;27,22
0,26;14,60;0,18;2,89;1,37;27,17
0,26;14,02;0,18;2,99;1,38;27,00
0,33;14,08;0,11;2,99;1,51;27,37
0,33;14,08;0,11;3,08;1,51;27,37
0,26;14,06;0,11;3,20;1,38;27,27
0,26;14,19;0,11;3,01;1,38;27,37
0,26;14,07;0,11;2,95;1,61;27,52
0,11;13,97;0,11;2,95;1,61;27,42
0,26;13,94;0,11;3,01;1,61;27,50
0,26;13,71;0,11;3,06;1,61;27,49
0,26;13,35;0,11;3,22;1,61;27,25
0,26;13,54;0,11;3,22;1,61;27,16
0,26;13,57;0,00;3,22;1,61;26,98
0,26;13,14;0,00;3,31;1,61;26,70
0,26;12,92;0,00;3,05;1,61;26,81
0,26;12,59;0,00;2,93;1,61;26,44
0,26;12,59;0,00;2,93;1,61;26,57
0,26;12,42;0,00;2,93;1,61;26,68
0,26;12,42;0,00;2,87;1,61;26,33
0,26;12,45;0,00;2,92;1,61;26,34
0,26;12,47;0,00;2,92;1,61;26,33
0,26;11,96;0,00;2,92;1,61;25,95
0,26;11,91;0,00;2,60;1,61;25,79
0,26;11,91;0,00;2,60;1,61;25,73
0,26;12,20;0,00;2,60;1,61;25,79
0,26;12,10;0,00;2,60;1,69;25,98
0,26;12,33;0,00;2,70;1,69;26,43
0,26;12,50;0,00;2,82;1,79;26,60
0,26;12,35;0,00;2,72;1,79;26,31
0,26;12,72;0,00;2,72;1,79;26,59
0,45;12,20;0,00;2,72;1,91;26,01
0,45;12,33;0,00;2,81;2,05;26,04
0,38;12,54;0,00;3,02;1,91;26,14
0,38;12,64;0,00;2,94;1,79;26,14
0,38;12,72;0,00;2,94;1,90;26,54
0,38;12,82;0,00;2,73;1,97;26,52
0,38;12,80;0,00;2,59;1,97;26,55
0,38;12,66;0,15;2,71;1,97;26,65
0,24;12,87;0,15;2,71;1,96;26,90
0,42;12,62;0,15;2,71;1,96;27,08
0,42;12,22;0,22;2,71;2,05;27,08
0,42;12,34;0,22;2,71;1,95;27,06
0,42;12,14;0,22;2,71;2,03;27,04
0,31;12,51;0,22;2,71;2,03;27,30
0,42;12,67;0,22;2,71;2,03;27,14
0,42;12,67;0,22;2,62;2,03;27,37
0,31;12,47;0,22;2,60;2,03;27,37
0,31;12,34;0,22;2,60;2,09;27,51
0,38;12,35;0,15;2,77;2,21;27,45
0,31;12,37;0,22;2,77;2,09;27,70
0,24;12,01;0,22;3,04;1,96;27,56
0,24;12,15;0,22;3,04;1,96;27,86
0,24;12,03;0,22;3,04;1,85;27,74
0,24;12,39;0,22;3,04;1,75;28,13
0,24;12,35;0,22;3,04;1,75;28,25
0,24;12,46;0,31;2,81;1,75;28,56
0,24;12,59;0,31;2,81;1,75;28,71
0,24;12,71;0,41;2,81;1,75;28,62
0,24;12,78;0,41;2,67;1,75;28,54
0,24;11,81;0,41;3,18;1,90;28,58
0,24;11,43;0,41;3,24;1,90;28,26
0,24;11,26;0,31;3,31;1,99;28,61
0,24;11,89;0,17;3,20;1,99;28,34
0,24;12,21;0,17;2,87;1,99;28,44
0,38;12,07;0,17;3,01;1,63;28,35
0,38;11,65;0,31;2,87;1,63;27,77
0,38;11,58;0,17;3,07;1,87;27,67
0,38;11,49;0,17;3,07;1,87;27,59
0,24;11,44;0,17;3,07;2,01;27,39
0,56;11,41;0,17;3,01;1,91;27,60
0,55;11,34;0,17;3,09;2,01;27,50
0,55;11,43;0,17;3,22;2,08;27,67
0,43;11,36;0,17;3,04;2,08;27,47
0,43;11,00;0,17;3,15;1,99;27,52
0,43;11,14;0,17;3,15;2,08;27,66
0,43;11,04;0,17;3,29;2,41;28,06
0,43;10,69;0,17;3,25;2,53;28,13
0,43;10,66;0,28;3,33;2,33;27,98
0,55;10,74;0,11;3,26;2,36;28,21
0,43;10,74;0,11;3,26;2,57;28,03
0,43;10,88;0,11;3,26;2,57;28,26
0,43;10,88;0,11;3,26;2,50;28,26
0,59;10,61;0,11;3,33;2,41;28,40
0,67;10,55;0,11;3,41;2,31;28,48
0,43;10,72;0,11;3,19;2,20;28,43
0,55;10,72;0,11;3,19;2,08;28,50
0,49;10,95;0,11;3,19;2,11;28,61
0,67;10,99;0,11;3,11;2,16;28,83
0,67;10,98;0,11;3,11;2,05;28,93
0,67;10,77;0,11;3,24;1,93;28,72
0,81;10,63;0,11;2,87;1,86;28,65
0,81;10,78;0,25;2,74;1,86;28,53
0,85;11,15;0,25;2,74;1,86;28,82
0,97;11,01;0,25;2,68;1,86;28,82
0,97;10,90;0,32;2,82;1,86;28,88
0,97;10,90;0,32;2,88;1,77;28,80
0,85;10,43;0,18;2,88;2,00;28,82
0,85;10,62;0,18;2,88;2,00;28,79
0,85;10,53;0,32;2,87;2,00;28,92
0,85;10,26;0,32;2,90;2,00;28,83
0,97;10,72;0,33;2,90;2,00;29,02
0,97;10,77;0,40;2,90;2,10;29,06
0,97;10,84;0,32;2,90;2,10;29,12
0,81;10,84;0,32;2,90;2,10;28,96
0,80;11,07;0,32;2,90;2,00;29,02
0,68;10,91;0,32;2,97;2,12;29,20
0,80;11,01;0,32;3,08;2,12;29,31
0,80;10,68;0,32;3,03;2,12;29,34
0,73;10,61;0,32;2,96;2,20;29,50
0,70;10,61;0,32;2,85;2,33;29,60
0,70;10,61;0,32;2,85;2,19;29,40
0,70;10,43;0,32;2,85;2,12;29,60
0,30;10,87;0,32;2,97;2,35;29,51
0,43;10,93;0,32;2,97;2,22;29,61
0,30;10,95;0,44;3,15;1,89;29,93
0,30;10,69;0,44;3,03;1,79;29,57
0,30;10,65;0,44;3,03;1,79;29,73
0,30;10,72;0,44;2,96;1,79;29,82
0,30;10,64;0,44;3,06;1,79;29,81
0,30;10,53;0,30;2,96;1,76;29,67
0,30;10,39;0,30;2,84;1,88;29,67
0,30;10,44;0,37;2,84;1,88;29,69
0,30;10,44;0,37;2,84;1,88;29,72
0,30;10,11;0,37;2,87;1,88;29,84
0,30;10,28;0,37;2,87;1,88;30,09
0,30;10,51;0,37;2,87;1,70;30,43
0,30;10,55;0,25;2,75;1,92;30,38
0,30;10,33;0,37;2,87;1,80;30,56
0,30;10,42;0,37;2,75;1,68;30,62
0,41;10,42;0,37;2,90;1,70;30,75
0,41;10,41;0,37;2,78;1,70;30,57
0,41;10,43;0,37;2,88;1,70;30,56
0,41;10,43;0,37;2,99;1,47;30,83
0,34;10,38;0,37;2,99;1,47;30,37
0,41;10,38;0,37;2,99;1,47;30,62
0,53;10,44;0,18;3,00;1,47;30,68
0,53;10,44;0,18;3,11;1,59;30,68
0,53;10,13;0,18;3,11;1,59;30,72
0,53;10,10;0,25;3,04;1,59;30,60
0,43;10,54;0,18;3,11;1,59;30,86
0,43;10,49;0,11;3,11;1,59;30,57
0,53;10,23;0,11;3,00;1,59;30,30
0,53;10,23;0,11;3,14;1,59;30,49
0,53;10,16;0,11;3,14;1,59;30,59
0,43;10,09;0,11;3,14;1,59;30,70
0,43;10,35;0,11;3,14;1,59;30,56
0,43;10,35;0,11;3,14;1,59;30,85
0,43;10,63;0,11;3,14;1,59;30,96
0,50;10,40;0,11;3,14;1,85;31,23
0,43;10,13;0,11;3,14;1,85;31,04
0,31;9,86;0,11;3,29;1,71;31,13
0,31;9,84;0,11;3,29;1,71;31,11
0,31;9,98;0,11;3,37;1,71;31,11
0,27;10,51;0,23;3,37;1,71;31,36
0,20;10,52;0,51;3,49;1,71;31,40
0,32;10,75;0,37;3,61;1,71;31,53
0,64;10,75;0,30;3,50;1,71;31,64
0,64;10,59;0,30;3,59;1,86;31,77
0,64;10,91;0,30;3,49;1,86;32,22
0,73;11,17;0,30;3,34;1,76;32,32
0,73;11,04;0,23;3,13;1,85;32,21
0,73;11,09;0,23;3,13;2,06;32,56
0,73;11,18;0,23;3,13;2,06;32,56
0,66;11,21;0,30;3,13;1,91;32,35
0,45;11,21;0,23;3,13;1,91;32,31
0,65;11,25;0,23;3,21;1,80;33,06
0,57;11,30;0,23;3,21;1,78;33,11
0,45;11,44;0,23;3,06;1,78;33,21
0,45;11,70;0,23;3,28;1,73;33,36
0,45;11,70;0,23;3,21;1,86;33,45
0,74;11,51;0,23;3,14;1,97;33,54
0,84;11,17;0,11;3,08;2,09;33,98
0,84;11,35;0,11;3,08;2,15;33,98
0,84;11,69;0,11;3,08;2,30;34,40
0,84;11,66;0,11;3,02;2,21;34,14
0,84;11,66;0,11;3,02;2,21;34,08
0,84;11,58;0,11;3,12;2,24;34,09
0,87;11,81;0,11;2,90;2,11;33,85
0,87;11,82;0,18;3,00;2,11;33,92
0,99;12,08;0,18;2,94;1,88;33,86
1,18;12,05;0,18;3,13;1,88;34,24
1,24;12,06;0,18;3,20;1,88;34,12
1,12;12,14;0,18;3,31;1,73;33,91
1,23;12,20;0,18;3,34;2,23;34,09
1,23;12,07;0,18;3,34;2,10;33,85
1,23;12,18;0,18;3,34;2,14;34,07
1,30;12,15;0,11;3,34;2,12;34,35
1,30;12,31;0,11;3,45;2,12;34,75
1,20;12,24;0,11;3,63;2,33;34,88
1,20;12,30;0,00;3,69;2,46;34,82
1,50;11,95;0,00;3,98;2,69;34,94
1,36;12,04;0,00;4,08;2,53;34,95
1,36;11,29;0,00;3,74;2,43;34,71
1,29;11,19;0,00;3,96;2,33;34,73
1,29;11,37;0,00;3,96;2,33;34,88
1,29;11,52;0,00;4,05;2,65;35,17
1,29;11,49;0,00;4,30;2,53;35,49
1,42;11,25;0,00;4,20;2,63;35,75
1,42;10,95;0,00;4,20;2,78;35,73
1,55;10,78;0,00;4,31;2,78;35,87
1,55;11,09;0,00;4,36;2,88;36,24
1,42;11,32;0,00;4,25;3,04;36,74
1,42;11,32;0,00;4,14;2,96;36,65
1,72;11,58;0,13;4,42;2,93;37,79
1,72;11,56;0,00;4,54;3,21;38,32
1,72;11,59;0,00;4,76;3,23;38,63
1,58;12,32;0,07;4,61;3,38;38,69
1,58;12,47;0,07;4,68;3,39;39,03
1,58;12,82;0,00;4,74;3,58;39,06
1,58;12,70;0,00;4,81;3,48;39,07
1,35;12,82;0,07;5,03;3,75;38,99
1,41;13,17;0,07;5,10;3,79;39,44
1,41;13,32;0,07;5,31;3,74;39,74
1,41;14,14;0,07;5,24;3,50;40,11
1,31;14,10;0,07;5,05;3,50;40,00
1,41;14,38;0,07;4,79;3,36;40,12
1,56;14,05;0,07;4,79;3,51;40,24
1,72;14,05;0,07;4,70;3,35;40,21
1,59;14,52;0,07;4,67;3,30;40,29
1,45;14,67;0,07;4,76;3,62;41,03
1,45;14,78;0,07;4,87;3,51;41,49
1,56;14,92;0,07;4,87;3,51;41,72
1,54;15,17;0,07;4,64;3,43;41,84
1,54;15,03;0,07;4,49;3,60;41,81
1,54;14,93;0,07;4,72;3,49;42,54
1,54;14,85;0,07;4,81;3,49;42,18
1,38;15,39;0,07;4,97;3,53;42,38
1,38;16,20;0,07;5,21;3,37;42,99
1,38;15,94;0,07;5,30;3,37;42,97
1,30;16,02;0,07;5,30;3,29;42,86
1,39;15,58;0,07;5,43;3,19;42,61
1,54;15,15;0,07;5,42;3,19;42,50
1,54;15,57;0,07;5,60;3,19;42,60
1,40;15,96;0,07;5,70;3,07;42,60
1,48;15,80;0,07;5,87;3,07;42,56
1,32;15,64;0,07;5,79;3,23;42,69
1,32;15,85;0,07;5,92;3,27;42,93
1,32;15,79;0,07;6,15;3,39;43,17
1,32;16,17;0,07;6,00;3,49;43,26
1,32;16,11;0,07;5,99;3,38;43,37
1,32;16,21;0,07;6,29;3,51;43,95
1,32;16,35;0,07;6,43;3,41;44,13
1,21;16,40;0,07;6,43;3,41;44,16
1,10;16,17;0,00;6,14;3,73;44,18
0,96;16,79;0,07;6,22;3,52;43,83
0,85;16,88;0,07;6,46;3,61;43,80
1,07;17,26;0,07;6,44;3,51;44,01
1,07;17,32;0,07;6,51;3,51;44,25
1,07;17,57;0,18;6,20;3,41;44,67
1,07;17,53;0,18;6,15;3,74;44,82
0,99;17,80;0,18;5,94;4,02;44,81
1,15;17,85;0,18;6,05;4,02;45,45
1,15;18,26;0,18;6,30;4,22;46,30
1,27;18,04;0,07;6,55;4,12;46,41
1,27;18,06;0,07;6,74;3,95;46,53
1,15;17,72;0,07;6,84;3,96;46,42
1,23;17,67;0,07;6,78;3,53;45,90
1,23;17,75;0,07;6,71;3,68;46,06
1,05;18,31;0,07;6,93;3,79;46,40
1,05;18,46;0,07;6,94;3,89;46,33
1,05;18,53;0,07;6,94;3,89;46,00
1,05;19,06;0,07;6,56;4,01;46,00
1,06;18,97;0,07;6,76;3,78;45,68
0,81;18,96;0,07;7,03;3,57;45,48
0,92;19,28;0,07;6,80;3,73;45,63
0,92;19,47;0,07;6,61;3,64;45,51
0,90;19,60;0,07;7,04;3,27;45,75
0,96;19,49;0,07;6,92;3,27;45,62
0,96;19,86;0,07;6,97;3,23;45,85
0,85;19,24;0,07;7,08;3,45;45,61
0,30;18,86;0,07;7,09;3,61;45,62
0,09;19,32;0,07;7,26;3,72;45,66
0,00;19,65;0,07;7,34;3,51;45,90
0,00;19,99;0,07;7,57;2,96;45,73
0,00;20,40;0,07;7,30;3,36;45,92
0,00;20,04;0,07;7,55;3,35;45,87
0,00;20,45;0,07;7,31;3,39;46,21
0,00;20,61;0,07;7,49;3,43;46,34
0,07;20,29;0,07;7,28;3,41;45,98
0,13;20,33;0,07;7,80;2,89;46,20
0,13;20,35;0,07;7,63;2,72;46,36
0,07;20,33;0,07;7,92;2,59;46,31
0,07;20,55;0,07;8,04;2,59;46,67
0,00;20,69;0,07;8,19;2,72;46,75
0,00;21,07;0,07;8,09;2,66;46,86
0,00;20,83;0,07;7,85;2,81;46,75
0,00;20,67;0,07;7,79;3,02;46,67
0,00;20,44;0,07;7,86;2,68;46,90
0,07;20,29;0,07;7,60;2,68;46,86
0,07;20,09;0,17;7,86;2,58;46,68
0,00;19,98;0,07;8,07;2,58;46,36
0,00;20,20;0,07;8,10;2,49;46,61
0,00;20,33;0,07;7,97;2,39;46,48
0,00;20,17;0,07;7,97;2,39;46,44
0,00;19,40;0,07;8,03;2,45;45,73
0,00;17,59;0,07;8,60;3,30;45,79
0,00;17,53;0,07;8,94;3,15;45,67
0,00;17,46;0,07;8,68;3,09;45,46
0,00;17,71;0,14;8,50;3,02;45,79
0,11;17,49;0,14;8,63;2,78;45,82
0,11;17,65;0,07;8,65;2,95;46,03
0,11;17,96;0,07;8,53;2,67;46,01
0,11;18,22;0,07;8,38;2,67;46,29
0,11;18,16;0,00;8,48;2,85;46,15
0,11;17,93;0,00;8,58;2,97;46,02
0,11;17,79;0,00;8,83;2,97;46,30
0,11;17,51;0,00;8,84;2,97;46,32
0,11;17,41;0,00;8,74;2,88;45,95
0,11;17,16;0,00;8,76;2,94;45,87
0,32;16,85;0,00;8,84;2,89;45,77
0,41;17,00;0,00;8,72;2,86;45,82
0,41;16,94;0,00;8,85;2,82;46,58
0,11;17,07;0,00;8,85;2,61;46,59
0,11;17,00;0,00;8,74;2,61;46,46
0,11;16,87;0,00;8,18;2,75;46,25
0,11;16,69;0,00;8,33;2,60;46,04
0,11;16,67;0,00;8,37;2,38;46,32
0,11;16,58;0,00;8,29;2,38;45,98
0,11;16,58;0,00;8,29;2,49;46,03
0,11;16,74;0,00;8,26;2,39;45,78
0,11;16,84;0,00;8,39;2,39;45,85
0,11;16,65;0,00;8,45;2,39;45,72
0,11;16,65;0,00;8,00;2,63;46,02
0,11;16,51;0,00;8,13;2,63;45,85
0,11;16,67;0,00;8,13;2,63;45,82
0,11;16,84;0,00;8,10;2,63;45,77
0,11;16,75;0,00;8,18;2,63;45,88
0,11;16,52;0,00;8,63;2,77;46,49
0,11;16,63;0,00;8,51;3,00;46,43
0,11;16,67;0,07;8,48;3,10;46,30
0,11;16,67;0,07;8,57;2,96;46,44
0,11;16,44;0,00;8,65;2,83;46,22
0,35;16,15;0,12;8,47;3,03;46,43
0,35;15,90;0,12;8,60;2,95;46,28
0,41;15,90;0,12;8,91;2,85;46,46
0,54;15,70;0,10;8,91;2,97;46,33
0,54;15,73;0,10;8,75;2,97;46,43
0,54;15,81;0,10;8,57;2,70;46,52
0,47;16,06;0,10;8,69;2,61;46,65
0,47;16,43;0,10;8,80;2,49;46,84
0,47;16,54;0,10;8,75;2,49;46,54
0,47;16,46;0,21;8,34;2,49;46,39
0,30;16,24;0,21;8,58;2,49;46,32
0,47;16,45;0,21;8,18;2,49;46,38
0,40;16,63;0,10;8,29;2,40;46,30
0,23;16,54;0,10;8,55;2,30;46,21
0,23;16,62;0,10;8,89;2,19;46,27
0,23;16,82;0,10;8,71;2,23;46,27
0,23;16,83;0,10;8,71;2,23;46,34
0,23;16,93;0,10;8,71;2,03;46,35
0,23;16,95;0,10;8,70;2,03;46,32
0,23;16,97;0,17;9,03;2,03;46,29
0,23;17,08;0,10;9,03;2,03;46,65
0,23;17,19;0,10;9,24;2,03;46,56
0,23;17,00;0,10;9,24;2,12;46,56
0,23;17,09;0,10;9,35;2,12;46,63
0,23;16,92;0,10;9,35;2,12;46,52
0,40;17,11;0,10;8,89;2,12;46,12
0,40;17,47;0,10;8,77;2,03;45,84
0,40;17,35;0,10;8,76;2,15;45,94
0,40;17,25;0,10;8,76;2,29;45,94
0,40;17,29;0,10;8,76;2,43;45,98
0,40;17,62;0,10;8,72;2,12;46,22
0,40;17,44;0,10;8,99;1,99;46,36
0,40;17,79;0,10;8,63;1,72;46,66
0,40;17,79;0,10;8,46;1,72;46,54
0,23;17,93;0,10;8,50;1,62;46,46
0,23;17,86;0,10;8,56;1,32;46,32
0,23;18,24;0,00;8,23;1,32;46,15
0,23;18,71;0,07;7,90;1,04;46,28
0,52;18,87;0,07;7,49;1,03;46,13
0,72;18,81;0,07;7,54;1,16;46,10
0,50;18,56;0,07;7,71;1,28;46,00
0,50;18,46;0,07;8,02;1,27;46,05
0,41;18,07;0,07;8,14;1,28;46,04
0,41;18,21;0,07;8,14;1,40;46,25
0,41;17,83;0,07;8,14;1,54;45,85
0,41;17,86;0,07;8,12;1,54;45,75
0,41;18,46;0,07;8,19;1,42;45,67
0,41;18,51;0,00;7,98;1,42;45,40
0,41;18,72;0,00;7,98;1,30;45,49
0,41;18,83;0,00;7,85;1,44;45,70
0,70;18,79;0,00;7,69;1,52;45,63
0,70;18,64;0,00;7,79;1,52;45,74
0,59;18,83;0,00;7,79;1,41;45,92
0,72;18,62;0,00;7,79;1,27;46,06
0,56;19,66;0,09;7,00;1,27;46,50
0,56;19,71;0,23;6,74;1,37;46,47
0,56;19,64;0,30;6,74;1,57;46,38
0,65;19,84;0,41;6,74;1,42;46,68
0,76;20,03;0,41;7,09;1,24;46,94
0,76;20,05;0,34;7,18;1,15;46,91
0,76;19,73;0,34;7,18;1,31;47,24
1,10;18,56;0,34;6,87;1,64;46,96
1,10;18,12;0,34;6,95;1,53;47,04
1,25;18,20;0,34;6,95;1,67;47,18
1,17;18,67;0,34;6,96;1,55;47,05
1,08;19,01;0,34;7,13;1,43;47,16
1,17;18,90;0,41;7,13;1,29;47,03
0,87;19,33;0,41;7,07;1,29;47,22
0,81;19,83;0,41;6,96;1,29;47,11
0,92;19,95;0,41;6,72;1,41;46,90
0,92;19,88;0,52;6,62;1,41;46,67
0,92;19,80;0,52;6,62;1,41;46,39
0,91;20,11;0,27;6,53;1,39;46,43
0,91;20,17;0,27;6,61;1,28;46,32
0,79;20,31;0,27;6,61;1,25;46,31
0,79;20,39;0,53;6,61;1,25;46,31
0,79;20,27;0,61;6,66;1,36;46,41
0,79;20,01;0,61;6,66;1,48;46,53
0,79;20,49;0,61;6,04;1,73;46,31
0,79;20,46;0,63;5,39;1,80;46,12
0,86;19,61;0,78;4,96;2,38;45,76
1,03;19,72;0,78;4,69;2,63;46,03
0,96;19,90;0,78;4,58;2,48;45,77
1,07;20,06;0,78;4,58;2,36;45,53
1,07;20,14;0,78;4,58;2,36;45,63
1,07;20,19;0,78;4,47;2,36;45,49
0,79;20,56;0,96;4,38;2,32;45,88
0,79;20,44;0,96;4,38;2,32;45,93
0,86;20,30;1,03;4,38;2,25;45,90
0,86;20,32;0,96;4,38;2,25;45,90
1,28;19,95;0,96;4,25;2,25;46,16
0,98;20,02;0,96;4,38;2,25;46,21
1,15;19,09;0,82;4,52;2,25;45,88
1,15;16,25;1,39;4,61;2,33;44,68
1,15;14,29;1,33;4,70;2,42;45,02
1,15;15,30;1,44;4,84;2,31;45,06
1,28;15,53;1,53;4,61;2,42;44,73
1,21;15,68;1,53;4,68;2,54;45,31
1,42;15,58;1,60;4,80;2,48;45,48
1,31;15,17;1,84;4,72;2,50;45,48
1,31;14,88;1,93;4,65;2,62;45,67
1,40;14,46;1,86;4,80;2,40;45,47
1,40;14,50;1,86;5,23;1,97;45,22
1,40;14,53;1,86;4,66;2,16;45,05
1,40;14,44;1,94;4,66;2,06;44,93
1,40;14,09;1,74;4,66;2,06;44,73
1,40;14,06;1,74;4,66;2,22;44,76
1,40;14,06;1,74;4,55;2,22;44,76
1,40;14,21;1,84;4,42;1,98;44,84
1,30;14,38;1,84;4,42;2,20;44,84
1,30;14,46;1,84;4,36;2,20;44,84
1,30;14,21;1,84;4,56;2,03;44,58
1,30;13,69;1,84;4,56;2,18;44,43
1,22;13,82;1,91;4,56;2,18;44,62
1,13;13,87;2,01;4,58;2,26;44,52
1,13;13,99;2,12;4,46;2,41;44,27
1,13;13,87;2,24;4,58;2,41;44,37
1,13;13,89;2,24;4,58;2,41;44,52
0,77;13,85;2,14;4,71;2,61;44,26
0,85;13,89;2,14;4,71;2,51;44,43
0,91;13,96;2,13;4,52;2,42;44,49
0,91;13,93;2,13;4,62;2,33;44,49
0,91;13,80;2,26;4,62;2,55;44,46
0,99;13,98;2,06;4,49;2,55;44,68
1,09;13,45;2,18;4,49;2,68;44,65
1,09;13,41;2,35;4,33;2,64;44,68
1,09;13,15;2,16;4,46;2,73;44,75
1,16;12,96;2,16;4,46;2,64;44,56
1,05;13,33;2,16;4,40;2,71;44,98
1,03;13,53;2,16;4,62;2,50;45,10
1,03;13,10;2,13;4,62;2,43;44,87
1,03;13,43;2,13;4,62;2,57;45,16
0,99;13,06;2,20;4,75;2,67;44,93
0,99;13,61;2,20;4,75;2,67;45,21
0,99;13,31;1,95;4,87;2,94;45,10
1,10;13,48;1,95;4,74;3,07;44,92
1,10;13,29;2,20;4,74;3,18;45,01
1,25;13,23;2,07;4,49;3,25;44,49
1,36;13,33;1,96;4,36;3,38;44,62
1,36;12,76;2,12;4,36;3,08;44,07
1,25;13,20;2,03;4,58;3,06;44,82
1,26;13,26;2,03;4,64;3,31;44,87
1,15;13,21;2,03;4,57;3,47;44,79
1,05;13,53;2,03;4,70;3,49;44,86
1,05;13,31;2,03;4,87;3,44;45,00
1,21;13,39;1,94;4,76;3,54;45,34
1,13;13,91;1,85;4,68;3,43;45,15
1,13;14,00;1,75;4,82;3,43;45,44
1,13;13,98;1,66;4,82;3,52;45,23
1,13;13,50;1,66;4,82;3,52;45,22
1,30;13,39;1,75;4,83;3,23;45,28
1,30;13,95;1,66;4,83;3,34;45,42
1,30;14,05;1,66;4,77;3,47;45,89
1,23;14,40;1,66;4,54;3,35;45,43
1,23;14,20;1,66;4,32;3,35;45,45
1,38;14,33;1,66;4,15;3,54;45,86
1,38;14,32;1,80;4,02;3,40;45,46
1,52;14,27;1,77;3,96;3,55;45,49
1,75;14,37;1,90;3,68;3,86;45,58
1,75;14,63;1,53;3,68;3,95;45,51
1,53;14,28;1,53;3,89;4,23;45,32
1,61;14,33;1,44;3,92;4,20;45,18
1,61;14,22;1,63;3,89;4,06;45,46
1,68;14,42;1,74;3,91;3,97;45,26
1,59;14,80;1,81;3,89;3,65;45,56
1,52;14,75;1,90;3,96;3,65;45,29
1,52;14,86;1,90;3,83;3,65;45,07
1,52;14,90;1,90;3,91;3,51;44,93
1,52;15,10;1,64;3,62;3,82;45,25
1,60;15,05;1,64;3,62;3,57;45,12
1,60;14,93;1,50;3,71;3,98;45,03
1,68;15,01;1,60;3,49;3,98;45,31
1,61;14,69;1,52;3,75;3,97;45,30
1,61;14,96;1,52;3,83;3,90;45,02
1,49;14,60;1,66;3,72;3,90;44,68
1,53;14,54;1,66;3,57;4,18;44,72
1,44;14,86;1,66;3,60;4,33;44,99
1,70;15,47;1,43;3,60;4,37;44,96
1,70;16,09;0,95;3,45;4,47;45,18
1,59;15,64;0,80;3,57;4,32;44,96
1,71;16,42;0,69;3,47;3,59;45,08
1,71;16,45;0,69;3,53;3,59;45,35
1,89;17,08;0,69;3,53;3,59;45,60
1,89;17,25;0,69;3,59;3,51;45,64
1,89;17,01;0,57;3,71;3,51;45,52
1,89;17,14;0,42;3,84;3,51;45,54
1,78;17,54;0,19;3,65;3,60;45,60
1,57;17,95;0,08;4,10;3,77;45,98
1,46;18,01;0,08;4,30;3,86;46,28
1,48;17,53;0,08;4,75;4,03;46,70
1,48;17,53;0,08;4,75;3,91;46,54
1,49;17,94;0,08;4,94;3,71;47,07
1,49;17,83;0,08;5,05;3,71;47,18
1,37;18,42;0,14;4,98;3,71;47,55
1,37;18,26;0,14;5,21;3,77;47,45
1,38;18,38;0,08;5,09;3,77;47,40
1,56;17,82;0,08;5,00;3,91;47,31
1,56;17,91;0,08;4,91;4,32;47,27
1,56;17,90;0,08;4,91;4,45;47,39
1,49;17,74;0,08;5,17;4,45;47,49
1,61;18,09;0,08;5,28;4,45;48,22
1,79;18,41;0,08;5,05;4,45;48,22
1,65;18,51;0,08;4,88;4,24;48,12
1,76;18,30;0,08;4,93;4,55;48,37
1,88;18,29;0,08;4,92;4,55;48,30
1,88;18,14;0,08;5,01;4,66;48,62
1,88;17,90;0,08;5,29;4,44;48,68
1,88;18,14;0,08;5,40;4,44;49,24
1,88;18,20;0,08;5,40;4,44;49,50
1,88;18,16;0,08;5,52;4,55;49,64
1,94;18,34;0,08;5,51;4,56;49,73
1,94;18,36;0,08;5,60;4,64;50,00
1,94;18,41;0,08;5,35;4,48;49,87
2,06;18,72;0,08;5,33;4,48;50,12
2,06;18,92;0,08;5,47;4,48;50,48
1,68;19,09;0,08;5,83;4,27;50,62
1,54;19,29;0,08;6,32;4,16;51,22
1,53;19,33;0,08;6,28;4,03;51,38
1,57;19,57;0,08;6,40;4,03;51,71
1,69;19,86;0,08;6,36;3,92;51,81
1,83;20,22;0,08;6,38;4,31;52,72
1,88;20,43;0,08;6,44;4,43;53,06
1,88;20,46;0,08;6,38;4,43;53,21
1,72;20,31;0,08;6,49;4,51;53,40
1,84;20,50;0,08;6,22;4,37;53,70
1,91;20,56;0,08;5,92;4,37;53,54
1,84;20,92;0,08;5,82;4,37;53,80
1,84;21,19;0,08;5,82;4,37;53,78
1,84;21,19;0,08;5,90;4,20;54,19
1,84;21,17;0,08;5,90;4,37;54,25
1,84;21,02;0,08;5,90;4,37;54,07
1,73;21,09;0,08;5,92;4,37;54,15
1,94;20,79;0,08;6,05;4,42;54,08
1,83;20,93;0,08;6,05;4,26;54,15
2,16;20,94;0,08;6,14;4,14;54,11
2,21;20,83;0,18;6,33;4,14;54,11
2,21;20,83;0,18;6,42;4,24;54,36
2,31;21,31;0,08;6,50;4,24;54,92
2,16;21,64;0,21;6,44;4,50;55,14
2,16;21,75;0,55;6,29;4,61;55,76
2,04;20,92;0,55;6,19;4,80;55,88
1,91;21,43;0,43;6,29;4,80;55,91
1,70;21,65;0,55;6,27;4,80;55,78
1,60;21,92;0,55;6,39;4,68;55,69
1,68;22,13;0,55;6,47;4,68;55,91
1,68;21,98;0,55;6,49;4,68;55,69
1,67;21,73;0,68;6,58;4,80;55,98
1,67;21,89;0,88;6,68;4,80;56,27
1,57;21,95;0,88;6,91;4,90;56,32
1,50;22,20;1,10;6,91;4,79;56,68
1,36;22,28;1,10;6,76;4,79;56,55
1,49;22,36;0,96;6,85;4,53;56,82
1,49;22,14;1,03;6,99;4,53;56,86
1,49;22,34;1,03;7,20;4,53;56,97
1,55;22,35;1,03;7,15;4,53;57,01
1,62;21,84;0,96;7,61;4,67;57,72
1,62;21,98;0,96;7,62;4,78;57,73
1,72;22,01;1,06;7,47;4,78;57,90
1,74;21,99;1,04;7,61;4,69;57,91
1,74;22,03;1,04;7,67;4,69;58,42
1,57;22,42;1,04;7,67;4,69;58,81
1,67;22,36;0,80;7,76;4,69;59,14
1,67;22,59;0,80;8,05;4,69;59,27
1,57;22,82;0,91;7,96;4,69;59,62
1,57;22,73;0,91;8,07;4,83;59,90
1,57;22,70;0,91;8,06;4,83;60,09
1,57;22,79;0,99;8,06;4,83;60,16
1,57;23,28;0,99;7,87;4,81;59,86
1,66;23,52;0,98;7,68;4,67;60,07
1,61;23,62;0,80;7,69;4,67;60,26
1,61;23,84;0,92;7,33;4,43;60,26
1,54;24,16;1,10;7,27;4,17;60,09
1,54;24,31;1,10;7,27;4,26;60,32
1,66;24,31;1,10;7,27;4,40;60,17
1,66;24,50;1,10;7,27;4,40;60,29
1,69;24,14;1,19;7,22;4,40;60,37
1,42;24,28;1,10;7,61;4,51;60,49
1,31;24,13;1,10;7,72;4,51;60,40
1,31;24,01;1,19;7,72;4,51;60,38
1,31;23,77;1,53;7,78;4,17;60,38
1,19;23,80;1,43;8,11;4,29;60,60
1,19;24,16;1,21;8,10;4,38;60,89
1,06;24,31;1,21;8,10;4,38;61,11
1,13;24,50;1,21;8,39;4,38;61,34
1,13;24,61;1,21;8,15;4,38;61,45
1,33;24,71;1,33;8,19;4,38;61,73
1,26;24,95;1,21;8,55;4,38;61,90
1,26;24,95;1,21;8,67;4,30;61,66
1,26;25,00;1,30;8,76;4,30;61,75
1,45;25,31;1,21;8,07;4,24;61,62
1,54;25,01;1,31;7,97;4,17;61,35
1,47;25,01;1,38;8,09;4,24;61,75
1,47;24,76;1,38;7,94;4,24;61,81
1,47;24,56;1,38;8,19;4,36;62,31
1,23;24,92;1,38;8,06;4,36;62,39
1,23;25,42;1,38;8,18;4,36;62,33
1,23;25,06;1,57;8,38;4,36;62,34
1,23;25,08;1,57;8,51;4,05;62,45
1,23;25,22;1,50;8,57;4,16;62,61
1,23;25,10;1,64;8,60;3,93;62,73
1,16;24,94;1,85;8,41;3,85;62,88
1,16;25,33;2,00;8,03;3,85;63,05
1,08;25,62;1,85;8,15;3,94;63,47
1,08;26,00;1,76;8,11;4,05;63,83
1,08;25,79;1,42;8,31;3,98;63,85
0,94;25,52;1,67;8,20;4,06;63,62
0,94;25,72;1,67;8,20;4,05;63,53
0,84;25,55;1,67;8,44;3,95;63,77
0,84;25,33;1,49;8,45;4,19;63,77
0,71;25,42;1,49;8,36;4,19;63,66
0,82;25,55;1,42;8,10;4,19;63,44
0,71;25,95;1,74;7,82;4,07;63,33
0,71;25,91;1,85;8,06;4,06;63,30
0,82;26,14;1,74;8,06;4,06;63,42
0,71;26,76;1,62;7,95;4,06;63,46
0,71;26,65;1,62;8,05;4,01;63,52
0,95;27,21;1,73;7,66;4,14;63,74
0,95;26,99;1,73;7,73;4,02;63,62
0,83;27,01;1,86;7,83;4,12;63,70
0,83;27,06;1,86;7,85;3,94;64,34
0,98;27,23;1,55;7,86;4,09;64,17
1,09;27,26;1,37;7,64;4,07;64,18
1,09;27,47;1,26;7,63;4,07;64,28
1,18;27,53;1,26;7,63;4,07;64,37
1,07;27,41;1,26;7,64;4,07;64,24
1,15;27,77;1,26;7,67;4,07;64,10
1,26;27,72;1,26;7,55;4,07;64,04
1,20;27,63;1,15;7,46;4,07;64,04
1,75;25,62;1,39;7,93;4,07;63,99
1,85;25,40;1,39;7,80;4,07;64,29
1,78;25,52;1,27;7,40;4,07;64,27
1,58;25,07;1,27;7,63;4,07;64,31
1,58;24,86;1,15;7,59;4,07;64,43
1,70;25,24;1,15;7,45;4,07;64,62
1,68;25,23;1,15;7,64;4,07;64,70
1,54;25,04;1,25;7,60;4,19;64,46
1,54;25,45;1,25;7,60;4,05;64,40
1,44;25,52;1,15;7,63;4,05;64,52
1,47;25,57;1,28;7,74;4,05;64,59
1,47;25,64;1,28;7,74;4,29;64,62
1,58;25,80;1,28;7,74;4,40;64,61
1,47;25,57;1,28;7,74;4,76;64,53
1,57;25,83;1,37;7,67;4,76;64,75
1,46;26,61;1,37;7,57;3,83;64,75
1,36;26,54;1,37;7,71;3,80;64,90
1,36;26,62;1,24;7,87;3,80;64,90
1,36;26,79;1,11;7,87;3,80;65,09
1,36;26,98;1,12;7,88;3,56;65,20
1,36;26,37;1,23;7,85;3,56;64,45
1,36;26,49;1,31;7,85;3,47;64,65
1,36;26,49;1,31;7,75;3,57;64,71
1,36;26,60;1,31;7,56;3,65;64,94
1,36;26,66;1,31;7,43;3,56;65,38
1,45;26,56;1,42;7,32;3,30;65,20
1,36;26,81;1,42;7,13;3,21;65,20
1,45;26,59;1,42;7,13;3,34;65,36
1,26;26,16;1,55;7,44;3,41;65,14
1,12;26,40;1,62;7,65;3,87;65,16
1,00;26,46;1,41;7,61;4,00;65,10
1,25;26,22;1,16;7,53;4,12;65,01
1,25;26,43;0,78;7,74;4,29;64,90
1,14;26,63;0,81;7,88;4,17;65,17
1,02;26,60;0,93;7,78;4,24;64,97
1,02;26,47;0,78;7,56;4,14;64,62
1,02;26,74;0,58;7,85;3,84;64,85
1,02;26,61;0,58;7,94;3,84;64,83
1,12;26,55;0,86;7,87;3,61;64,64
1,12;26,49;0,86;7,62;3,84;64,72
1,18;25,86;1,11;7,47;3,94;64,74
1,14;26,28;0,97;7,03;4,11;64,74
0,96;26,21;0,97;7,57;3,88;65,07
0,84;26,21;1,07;7,57;3,76;65,26
0,98;25,84;1,30;7,50;3,62;65,35
0,98;25,77;1,19;7,34;3,62;65,24
1,11;26,02;1,25;7,56;3,14;65,32
0,98;26,14;1,14;7,28;3,14;65,05
1,23;26,42;0,93;7,19;3,38;65,06
1,11;26,43;0,93;7,19;3,38;65,06
1,23;26,65;0,93;7,05;3,26;65,24
1,34;27,01;0,89;7,23;3,03;65,31
1,52;27,01;0,89;7,34;3,24;65,40
1,61;27,18;0,80;7,72;3,15;65,40
1,61;27,38;0,66;7,59;3,24;65,55
1,73;27,27;0,66;7,67;3,23;65,55
1,75;27,08;0,66;7,77;3,13;65,27
1,87;27,31;0,66;7,64;3,28;65,39
1,98;27,64;0,66;7,51;3,28;65,61
2,11;27,26;0,53;7,48;3,35;65,33
2,27;26,43;0,53;7,83;3,61;65,34
2,55;26,62;0,53;7,75;3,74;65,34
2,64;26,51;0,45;7,82;4,00;65,30
2,33;26,53;0,53;8,09;4,20;65,06
2,25;26,40;0,35;8,31;4,24;65,11
2,17;26,68;0,35;8,39;4,08;65,00
1,90;26,56;0,35;8,39;4,17;65,51
1,90;26,63;0,35;8,51;4,17;65,36
1,90;26,78;0,35;8,75;4,17;65,73
1,83;26,90;0,35;9,13;3,83;65,82
1,83;26,64;0,35;9,37;3,70;65,98
1,83;26,92;0,35;9,10;3,63;65,78
1,68;26,96;0,35;9,12;3,58;66,02
1,60;27,35;0,35;8,67;3,58;66,14
1,60;27,51;0,35;8,68;3,46;66,29
1,70;27,48;0,35;8,68;3,59;66,56
1,70;28,00;0,35;8,79;3,64;66,80
1,69;27,81;0,35;9,02;3,64;66,86
2,02;27,34;0,35;8,80;3,75;66,76
2,02;27,59;0,35;8,85;3,75;67,32
1,80;27,30;0,35;8,95;3,75;67,13
1,80;27,52;0,35;8,89;3,64;66,94
1,80;27,51;0,25;9,05;3,64;67,39
2,17;27,43;0,25;8,72;3,70;67,31
2,10;27,45;0,25;8,86;3,63;67,68
2,00;27,70;0,25;9,20;3,55;67,89
2,12;28,23;0,25;9,28;3,46;68,57
2,23;28,02;0,25;9,48;3,19;68,60
2,37;28,09;0,25;9,68;3,56;68,75
2,37;28,00;0,25;9,86;3,66;69,06
2,44;28,20;0,25;9,76;3,75;69,27
2,38;28,23;0,38;9,29;4,02;69,06
2,31;28,57;0,38;8,64;4,19;68,88
2,31;28,98;0,38;8,44;4,30;68,91
2,31;29,59;0,38;8,09;4,21;68,57
2,62;29,39;0,38;8,13;4,11;68,61
2,62;29,01;0,38;8,01;3,98;68,32
2,62;29,21;0,38;8,14;4,09;68,59
2,72;29,24;0,38;8,14;4,01;68,52
2,72;29,37;0,38;8,33;3,81;68,51
2,40;29,13;0,38;8,33;3,92;68,27
2,53;29,12;0,38;8,39;3,92;68,04
2,35;29,17;0,38;8,48;3,92;68,22
2,22;29,75;0,38;8,44;3,92;68,56
2,20;29,91;0,38;8,21;3,92;68,44
2,12;30,31;0,46;8,20;3,92;68,44
2,20;30,49;0,36;8,11;4,02;68,49
2,20;30,82;0,28;8,24;4,02;68,64
2,30;31,20;0,28;8,12;4,02;68,39
2,05;30,89;0,20;8,20;4,15;68,30
1,96;30,77;0,20;8,42;4,15;68,61
2,05;30,81;0,20;8,41;4,15;68,64
1,95;31,02;0,20;8,41;3,97;68,45
2,02;31,43;0,20;8,22;4,12;68,71
1,90;31,70;0,20;8,27;4,12;68,62
1,90;31,99;0,20;8,25;4,12;68,70
1,79;32,53;0,20;8,08;4,03;68,66
1,52;32,33;0,20;7,98;3,87;68,54
1,52;32,48;0,29;7,84;4,03;68,74
1,40;33,02;0,22;7,84;3,93;68,82
1,40;33,61;0,22;7,95;3,15;68,47
1,61;34,43;0,22;7,83;3,06;68,91
1,61;34,54;0,22;7,85;3,18;69,00
1,52;34,91;0,22;7,79;3,27;68,82
1,52;35,03;0,22;7,96;3,27;68,94
1,40;35,73;0,22;7,96;3,27;69,14
1,53;35,73;0,22;8,06;3,35;69,35
1,65;35,77;0,22;7,95;3,48;69,47
1,30;35,17;0,34;7,84;3,45;69,24
1,38;35,11;0,44;7,46;3,13;68,96
1,39;35,35;0,55;7,46;3,46;69,22
1,51;35,84;0,33;7,44;3,34;69,24
1,51;36,19;0,33;7,55;3,41;69,11
1,51;36,25;0,33;7,23;3,34;68,91
1,66;35,54;0,33;7,23;3,27;68,73
1,57;35,64;0,22;7,32;3,28;68,65
1,64;36,02;0,22;7,31;3,07;69,01
1,79;35,60;0,22;7,66;3,07;69,02
1,79;35,19;0,22;7,66;3,07;68,62
1,86;35,26;0,22;7,77;2,82;68,39
1,77;35,38;0,22;7,67;3,04;68,48
1,89;35,17;0,22;7,68;3,04;68,57
1,85;34,91;0,22;7,81;3,37;68,90
1,78;34,91;0,22;7,72;3,37;68,73
1,84;34,26;0,22;7,64;3,51;68,48
1,78;34,54;0,22;6,68;3,51;68,22
1,84;34,98;0,22;5,49;3,42;67,97
2,26;35,46;0,22;4,81;3,24;67,80
2,12;35,55;0,22;4,51;3,43;67,46
1,87;35,29;0,47;4,56;3,43;66,75
1,75;35,16;0,61;4,67;3,43;66,60
1,66;35,16;0,61;4,67;3,50;66,60
1,51;35,56;0,50;4,67;3,49;66,68
1,53;35,84;0,50;4,61;3,22;66,41
1,53;36,03;0,74;4,72;3,14;66,36
1,29;36,26;0,67;4,44;3,05;66,48
1,29;36,15;0,78;4,35;3,05;66,50
1,29;36,22;0,68;4,14;2,91;66,28
1,29;36,10;0,68;4,13;2,84;66,18
1,38;35,15;0,36;3,92;3,47;65,87
1,61;34,27;0,49;4,03;3,46;65,53
1,47;34,37;0,49;3,95;3,56;65,41
1,46;34,92;0,49;3,95;3,58;65,46
1,91;35,02;0,49;3,84;3,64;65,42
1,81;35,22;0,35;3,95;3,78;65,26
1,66;35,36;0,35;3,95;3,78;65,11
1,54;35,78;0,35;3,95;3,68;65,19
1,27;35,78;0,35;3,95;3,43;64,94
1,05;36,30;0,35;3,60;3,56;64,73
0,92;36,53;0,47;3,49;3,58;64,63
0,80;36,55;0,47;3,59;3,58;64,54
0,81;37,07;0,47;3,60;3,14;64,42
0,57;37,33;0,47;3,70;2,98;64,61
0,69;37,26;0,47;3,70;2,86;64,61
0,80;36,96;0,47;3,47;2,98;64,55
0,69;37,10;0,47;3,38;2,84;64,43
0,81;36,66;0,47;3,38;2,72;64,22
0,70;36,36;0,47;3,40;2,72;64,25
0,71;36,35;0,45;3,62;2,93;64,24
0,83;35,68;0,45;3,75;2,90;64,14
0,83;35,81;0,45;3,90;2,74;64,00
0,86;36,52;0,58;3,68;2,49;63,77
0,49;37,26;0,35;3,54;2,68;63,72
0,34;37,15;0,35;3,54;2,83;63,73
0,23;37,06;0,35;3,81;2,67;63,62
0,23;37,16;0,35;3,81;2,56;63,62
0,32;37,16;0,35;3,81;2,56;63,80
0,32;37,37;0,22;3,74;2,56;63,57
0,32;37,27;0,22;4,02;2,40;63,55
0,43;37,27;0,22;4,14;2,40;63,67
0,20;37,06;0,22;4,14;2,40;63,68
0,31;37,05;0,09;4,03;2,40;63,16
0,20;36,93;0,09;3,93;2,75;63,26
0,20;36,84;0,09;3,87;3,07;63,65
0,09;36,63;0,18;4,12;3,08;63,57
0,09;36,59;0,09;4,01;3,08;63,35
0,43;32,07;0,20;4,74;3,93;61,75
1,00;28,16;0,20;5,53;4,91;60,93
1,26;26,63;0,20;5,48;5,16;60,49
1,25;25,61;0,09;5,49;5,35;59,83
1,25;24,96;0,09;5,61;5,50;59,71
1,37;23,93;0,09;5,51;5,75;59,03
1,25;24,04;0,09;5,52;5,75;59,01
1,25;23,38;0,09;5,64;5,65;58,12
1,25;23,22;0,00;6,13;5,65;58,03
1,25;23,16;0,00;6,14;5,40;57,81
1,13;22,61;0,00;6,14;5,40;57,48
1,13;22,27;0,12;6,14;5,65;57,25
1,25;21,76;0,22;6,27;5,67;56,80
1,14;21,18;0,22;6,39;5,55;56,56
1,25;20,95;0,00;6,50;5,31;56,23
1,13;20,67;0,00;6,36;5,39;56,10
0,99;20,09;0,00;6,06;5,32;55,67
0,88;20,06;0,00;6,22;5,33;55,32
0,99;19,71;0,16;6,31;5,24;55,19
0,99;19,29;0,08;6,60;5,21;54,94
1,02;19,18;0,08;6,60;5,00;54,52
1,13;18,94;0,32;6,52;5,12;54,17
1,24;18,64;0,32;6,63;5,35;53,71
1,24;18,78;0,21;6,63;5,35;53,62
1,13;18,48;0,21;6,50;5,50;53,13
1,07;18,06;0,13;6,62;5,23;52,70
1,06;17,92;0,13;6,62;5,21;52,55
1,06;17,81;0,13;6,51;5,07;51,70
1,06;17,37;0,13;6,62;5,07;51,23
1,07;16,87;0,13;6,52;5,14;51,07
1,17;16,67;0,13;6,40;5,19;50,59
1,17;16,81;0,13;6,40;5,19;50,52
1,28;16,54;0,13;6,26;5,19;50,25
1,28;16,70;0,44;6,26;5,19;50,18
1,59;16,53;0,31;5,95;4,83;49,91
1,61;16,45;0,16;5,92;4,80;49,89
1,61;16,07;0,16;5,94;4,86;49,72
1,61;15,67;0,16;5,75;4,95;49,39
1,61;15,78;0,16;5,75;4,95;49,21
1,61;15,51;0,16;5,48;4,70;48,78
1,72;15,51;0,16;5,28;4,52;48,23
1,72;15,31;0,16;5,12;4,52;48,15
1,72;14,70;0,16;5,21;4,23;47,89
1,72;14,61;0,16;5,32;3,98;47,65
1,72;14,65;0,16;4,94;4,09;47,16
1,85;14,61;0,16;4,73;4,27;46,71
1,62;14,61;0,16;4,93;4,17;46,50
1,53;14,49;0,16;4,69;4,23;46,25
1,53;14,81;0,16;4,59;4,19;46,23
1,53;14,81;0,16;4,72;4,16;45,97
1,59;14,79;0,00;4,84;4,16;45,42
1,53;14,77;0,10;4,81;4,30;45,03
1,53;14,64;0,10;4,81;4,36;45,12
1,53;14,54;0,10;4,83;4,23;44,65
1,53;14,46;0,10;4,72;4,29;44,66
1,53;14,46;0,10;4,61;4,29;44,28
1,53;14,46;0,00;4,61;4,18;44,28
1,64;14,53;0,00;4,59;4,31;44,19
1,64;14,25;0,00;4,81;4,17;43,72
1,53;14,45;0,00;4,90;3,44;43,25
1,40;14,52;0,00;4,87;3,20;43,06
1,40;14,25;0,00;4,67;3,20;43,01
1,40;14,06;0,00;4,75;3,00;43,01
1,39;14,20;0,00;4,49;3,01;42,89
1,39;13,98;0,00;4,36;3,01;42,37
1,39;13,93;0,00;4,68;3,11;42,23
1,39;14,05;0,00;4,68;2,88;42,21
1,38;14,50;0,00;4,48;2,67;42,18
1,16;14,23;0,13;4,19;2,64;41,81
1,29;14,17;0,13;4,66;2,27;42,05
1,29;13,80;0,13;4,76;2,18;41,95
1,29;13,82;0,13;4,43;2,13;41,47
1,43;13,84;0,24;3,65;2,15;41,40
1,29;13,94;0,39;3,13;2,15;41,12
1,29;13,94;0,24;3,03;2,15;40,56
1,29;13,78;0,24;3,03;2,15;40,36
1,29;13,67;0,35;3,04;2,40;40,14
1,29;13,68;0,35;3,04;2,40;40,09
1,29;13,37;0,24;2,92;2,30;39,65
1,36;12,99;0,24;3,05;2,24;39,15
1,44;13,15;0,13;2,83;2,35;38,82
1,44;12,92;0,13;2,71;2,35;38,40
1,44;13,28;0,13;2,59;2,40;38,29
1,44;13,35;0,13;2,71;2,40;38,19
1,44;13,05;0,24;2,71;2,40;38,12
1,62;12,77;0,13;2,94;2,11;37,93
1,44;13,04;0,13;2,83;2,11;37,63
1,33;12,72;0,13;2,69;2,22;37,04
1,24;12,72;0,13;2,69;2,22;36,94
1,24;12,76;0,13;2,56;2,09;36,94
1,12;12,51;0,13;2,56;2,09;36,56
0,91;12,58;0,13;2,80;1,97;36,32
0,91;12,82;0,13;2,66;1,97;36,24
0,91;12,83;0,13;2,72;1,97;36,01
0,98;12,71;0,13;2,72;1,97;35,62
0,98;12,71;0,13;2,72;1,91;35,15
0,98;12,62;0,13;2,22;1,91;34,74
0,91;12,46;0,13;2,10;2,04;34,46
0,91;12,55;0,13;2,10;2,09;34,19
0,91;12,67;0,13;2,10;2,09;34,19
0,91;12,67;0,13;2,14;2,09;33,91
0,91;12,18;0,13;2,25;2,09;33,55
0,79;11,90;0,13;2,25;2,09;33,18
0,68;11,72;0,25;2,16;2,09;32,87
0,68;11,42;0,25;2,28;2,09;32,22
0,79;11,40;0,25;2,16;1,98;31,89
0,79;11,04;0,25;2,16;1,98;31,80
0,68;10,99;0,25;1,91;1,98;31,60
0,68;11,27;0,25;1,91;1,98;31,57
0,68;11,15;0,25;1,91;1,98;31,57
0,68;11,31;0,25;1,91;1,98;31,47
0,68;11,65;0,25;1,91;1,98;31,59
0,79;11,49;0,25;1,68;1,87;30,98
0,79;11,74;0,25;1,39;1,87;30,91
0,93;11,66;0,25;1,30;1,87;30,90
0,78;11,39;0,25;1,30;1,87;30,60
0,78;11,58;0,25;1,30;1,87;30,66
0,78;11,46;0,25;1,30;1,87;30,45
0,78;11,49;0,25;1,30;1,87;30,27
0,78;11,49;0,25;1,30;1,87;30,15
0,78;10,46;0,25;1,07;1,71;28,82
0,78;9,55;0,25;0,94;1,85;28,08
0,64;9,41;0,25;0,94;1,61;27,64
0,78;9,41;0,25;0,94;1,73;27,64
0,78;9,41;0,12;0,94;1,73;27,38
0,78;9,26;0,12;0,94;1,73;27,02
0,78;9,26;0,12;0,86;1,73;26,95
0,78;9,16;0,12;0,86;1,73;26,73
0,78;9,25;0,12;0,86;1,96;26,26
0,78;9,35;0,24;0,86;1,82;26,14
0,78;9,14;0,12;0,86;1,78;25,78
0,78;9,41;0,12;0,86;1,77;26,08
0,64;9,46;0,12;1,10;1,65;25,90
0,64;9,33;0,27;1,10;1,65;25,74
0,53;9,19;0,27;1,10;1,65;25,24
0,67;8,99;0,27;0,97;1,46;25,24
0,40;8,72;0,27;1,09;1,58;24,95
0,40;8,62;0,27;1,09;1,58;24,85
0,53;8,54;0,27;1,09;1,58;24,85
0,53;8,25;0,27;1,09;1,58;24,63
0,53;8,25;0,24;1,09;1,85;24,63
0,53;8,25;0,24;1,09;1,85;24,50
0,53;8,25;0,24;1,09;1,98;24,63
0,40;8,37;0,24;1,26;1,98;24,63
0,40;8,22;0,24;1,26;1,85;24,50
0,53;8,18;0,24;1,22;1,84;24,22
0,53;8,15;0,24;1,22;1,84;24,12
0,53;8,03;0,24;1,22;1,98;24,00
0,53;8,19;0,24;1,09;1,98;24,00
0,40;8,05;0,24;1,09;2,12;23,69
0,40;8,23;0,24;1,19;1,98;23,83
0,40;8,07;0,40;1,19;1,98;23,83
0,40;8,07;0,40;1,19;1,98;23,83
0,40;7,93;0,40;1,19;1,98;23,69
0,40;7,85;0,40;1,19;1,98;23,62
0,40;7,85;0,51;1,08;1,85;23,62
0,40;7,98;0,38;1,21;1,85;23,20
0,40;7,70;0,38;1,21;1,85;22,95
0,40;7,70;0,27;1,12;1,85;22,76
0,40;7,58;0,27;1,12;1,98;22,69
0,40;7,58;0,27;1,12;1,85;22,51
0,40;7,58;0,27;1,02;1,85;22,41
0,40;7,51;0,27;1,02;1,92;22,27
0,51;7,74;0,16;0,80;1,72;22,16
0,51;7,74;0,16;0,80;1,72;22,16
0,51;7,69;0,16;0,80;1,72;21,97
0,51;7,42;0,30;0,80;1,72;21,85
0,51;7,29;0,30;0,80;1,73;21,69
0,51;7,23;0,30;0,80;1,60;21,34
0,40;7,29;0,30;0,80;1,96;21,02
0,29;7,02;0,30;0,80;1,96;20,58
0,29;6,89;0,30;0,80;2,07;20,69
0,29;6,70;0,30;0,93;1,82;20,69
0,29;6,70;0,30;0,93;1,82;20,69
0,29;6,53;0,30;0,80;1,94;20,44
0,29;6,53;0,30;0,80;1,94;20,44
0,29;6,46;0,30;0,80;1,85;20,27
0,29;6,46;0,30;0,93;1,85;20,08
0,29;6,58;0,30;0,93;1,85;20,08
0,29;6,55;0,30;1,05;1,73;19,99
0,29;6,55;0,30;1,20;1,58;19,96
0,29;6,54;0,30;1,07;1,58;19,96
0,29;6,54;0,30;1,07;1,58;19,86
0,29;6,45;0,16;1,07;1,46;19,51
0,29;6,08;0,16;1,07;1,51;19,51
0,29;6,23;0,16;1,07;1,75;19,51
0,29;6,49;0,16;0,93;1,75;19,38
0,29;6,39;0,16;0,93;1,75;19,38
0,29;6,20;0,16;0,93;1,88;19,28
0,29;6,15;0,16;0,81;1,88;19,17
0,29;6,11;0,16;0,81;1,88;18,75
0,29;6,11;0,16;0,81;1,88;18,75
0,29;6,11;0,16;0,94;1,67;18,72
0,42;6,11;0,16;0,94;1,67;18,74
0,29;6,21;0,16;0,94;1,80;18,89
0,29;6,28;0,16;1,07;1,67;18,78
0,29;6,28;0,16;1,07;1,80;18,75
0,29;6,29;0,00;0,95;1,67;18,53
0,29;6,29;0,00;0,95;1,42;18,28
0,29;6,29;0,00;0,81;1,54;18,15
0,29;6,13;0,00;0,81;1,42;17,75
0,29;5,95;0,00;0,81;1,42;17,47
0,29;5,81;0,00;0,81;1,42;17,34
0,29;5,91;0,00;0,81;1,42;17,13
0,29;5,89;0,00;0,81;1,42;16,94
0,29;5,96;0,00;0,64;1,42;16,83
0,29;5,96;0,00;0,64;1,42;16,72
0,29;6,10;0,00;0,64;1,42;16,76
0,29;6,18;0,00;0,64;1,42;16,61
0,29;6,18;0,00;0,64;1,42;16,51
0,29;6,42;0,00;0,64;1,42;16,51
0,29;6,23;0,00;0,64;1,56;16,51
0,29;6,21;0,00;0,64;1,25;16,50
0,29;6,47;0,00;0,64;1,25;16,50
0,29;6,34;0,00;0,64;1,25;16,18
0,29;6,23;0,00;0,64;1,25;16,07
0,29;6,23;0,00;0,64;1,11;15,85
0,29;6,23;0,00;0,64;1,11;15,75
0,29;6,23;0,00;0,64;1,11;15,75
0,18;6,23;0,00;0,64;1,11;15,64
0,18;6,23;0,00;0,64;1,11;15,79
0,26;6,15;0,00;0,64;1,11;15,79
0,26;6,15;0,00;0,64;1,11;15,79
0,26;6,07;0,00;0,52;1,11;15,67
0,26;5,97;0,00;0,52;1,11;15,57
0,26;5,97;0,00;0,52;1,11;15,49
0,26;6,05;0,00;0,52;1,11;15,46
0,26;6,05;0,00;0,52;1,11;15,34
0,26;5,91;0,00;0,52;1,11;15,31
0,26;5,77;0,00;0,52;1,11;15,11
0,40;5,50;0,00;0,52;1,11;14,98
0,40;5,50;0,00;0,52;1,11;14,87
0,40;5,62;0,00;0,52;1,11;14,63
0,40;5,42;0,00;0,52;1,30;14,74
0,40;5,42;0,00;0,52;1,30;14,59
0,40;5,36;0,00;0,52;1,19;14,48
0,40;5,26;0,00;0,52;1,19;14,48
0,40;5,14;0,00;0,52;1,19;14,36
0,40;5,33;0,00;0,52;1,19;14,36
0,40;5,20;0,00;0,71;1,00;14,01
0,40;5,20;0,00;0,71;0,89;14,12
0,40;5,20;0,00;0,71;0,89;14,03
0,40;5,10;0,00;0,52;0,89;14,03
0,40;5,10;0,00;0,52;0,89;13,93
0,40;5,10;0,00;0,52;0,89;13,82
0,40;5,16;0,00;0,52;0,94;13,82
0,40;5,16;0,00;0,52;0,94;13,71
0,51;5,16;0,00;0,52;0,94;13,74
0,40;5,16;0,00;0,52;0,94;14,02
0,40;5,28;0,00;0,52;0,94;14,03
0,40;5,38;0,00;0,52;0,94;14,14
0,40;5,38;0,00;0,52;0,94;14,00
0,40;5,57;0,00;0,52;0,69;13,88
0,40;5,57;0,00;0,52;0,59;13,88
0,40;5,57;0,00;0,52;0,59;13,77
0,40;5,45;0,00;0,52;0,71;13,77
0,40;5,45;0,00;0,52;1,16;13,88
0,57;5,00;0,00;0,52;1,16;13,70
0,76;4,81;0,00;0,52;1,16;13,59
0,85;4,72;0,00;0,52;1,16;13,70
0,85;4,85;0,00;0,52;1,03;13,70
0,68;4,91;0,00;0,52;1,03;13,48
0,57;4,99;0,00;0,52;1,03;13,21
0,73;4,82;0,00;0,52;1,03;13,12
0,73;4,70;0,00;0,52;1,03;13,10
0,73;4,70;0,00;0,52;1,03;12,99
0,73;4,70;0,00;0,52;1,03;13,02
0,57;4,86;0,00;0,52;0,94;13,10
0,57;4,86;0,00;0,52;0,94;12,91
0,57;4,86;0,00;0,52;0,94;12,91
0,57;4,86;0,00;0,52;0,94;12,81
0,57;4,86;0,00;0,52;0,94;12,81
0,57;4,86;0,00;0,52;0,94;12,72
0,57;4,98;0,00;0,52;1,05;12,72
0,57;4,98;0,00;0,52;1,05;12,72
0,57;4,98;0,00;0,52;1,05;12,72
0,57;4,86;0,00;0,52;1,05;12,57
0,57;4,86;0,00;0,52;1,05;12,49
0,57;4,86;0,00;0,52;1,05;12,49
0,57;4,80;0,00;0,52;0,94;12,37
0,57;4,98;0,00;0,52;0,94;12,37
0,68;4,98;0,00;0,52;0,83;12,37
0,68;4,98;0,00;0,52;0,83;12,15
0,68;5,09;0,00;0,52;0,83;12,15
0,68;5,09;0,00;0,52;0,83;12,00
0,68;4,98;0,00;0,52;0,83;12,00
0,68;5,00;0,00;0,52;0,91;12,11
0,49;4,87;0,00;0,52;1,05;11,99
0,49;4,87;0,00;0,52;1,05;11,99
0,49;5,01;0,00;0,52;0,91;11,88
0,49;5,01;0,00;0,52;0,91;11,77
0,49;5,01;0,00;0,52;0,91;11,77
0,49;5,01;0,00;0,52;0,91;11,77
0,49;5,01;0,00;0,52;0,91;11,77
0,49;4,72;0,00;0,52;0,91;11,48
0,49;4,83;0,00;0,52;0,91;11,48
0,49;4,83;0,00;0,52;0,83;11,27
0,49;4,72;0,00;0,52;0,83;11,14
0,49;4,72;0,00;0,52;0,83;11,14
0,49;4,83;0,00;0,52;0,83;11,14
0,49;4,83;0,00;0,52;0,83;11,14
0,49;4,83;0,00;0,52;0,83;11,14
0,49;4,83;0,00;0,52;0,83;11,14
0,49;4,61;0,00;0,52;0,83;11,14
0,37;4,57;0,00;0,52;0,83;10,99
0,49;4,57;0,00;0,52;0,83;10,99
0,49;4,57;0,00;0,52;0,71;10,87
0,49;4,57;0,00;0,52;0,71;10,87
0,49;4,68;0,00;0,52;0,71;10,87
0,49;4,57;0,00;0,52;0,71;10,87
0,49;4,57;0,00;0,52;0,71;10,87
0,49;4,68;0,00;0,52;0,71;10,87
0,49;4,78;0,00;0,52;0,71;10,76
0,49;4,65;0,00;0,52;0,71;10,62
0,49;4,26;0,00;0,52;0,84;10,48
0,49;4,26;0,00;0,52;0,84;10,48
0,49;4,00;0,00;0,52;0,84;10,36
0,49;4,07;0,00;0,52;0,84;10,36
0,49;4,07;0,00;0,52;0,84;10,25
0,49;4,07;0,00;0,52;0,84;10,37
0,49;3,93;0,00;0,52;0,71;10,34
0,49;3,93;0,00;0,52;0,71;10,34
0,49;3,83;0,00;0,52;0,71;10,34
0,49;3,83;0,00;0,52;0,71;10,34
0,49;3,83;0,00;0,52;0,71;10,34
0,49;3,83;0,00;0,52;0,71;10,34
0,49;3,83;0,00;0,52;0,71;10,34
0,49;3,83;0,00;0,52;0,71;10,43
0,49;3,83;0,00;0,52;0,71;10,43
0,49;3,76;0,00;0,52;0,71;10,49
0,49;3,83;0,00;0,52;0,71;10,49
0,49;3,83;0,00;0,52;0,71;10,49
0,49;3,93;0,00;0,52;0,71;10,40
0,37;3,93;0,00;0,52;0,71;10,32
0,37;4,03;0,00;0,52;0,58;10,32
0,37;4,03;0,00;0,52;0,47;10,19
0,37;4,02;0,00;0,52;0,59;10,19
0,37;4,02;0,00;0,52;0,71;10,11
0,37;4,02;0,00;0,52;0,71;10,11
0,37;4,02;0,00;0,52;0,71;9,96
0,30;4,02;0,00;0,52;0,58;9,88
0,30;4,02;0,00;0,52;0,58;9,87
0,41;4,06;0,00;0,52;0,58;9,87
0,41;4,18;0,00;0,52;0,58;10,12
0,41;4,18;0,00;0,52;0,58;10,12
0,41;4,08;0,00;0,52;0,58;10,12
0,41;4,01;0,00;0,52;0,58;10,12
0,41;4,01;0,00;0,52;0,58;10,12
0,41;4,17;0,00;0,52;0,58;10,21
0,41;4,29;0,00;0,52;0,58;10,21
0,41;4,37;0,00;0,52;0,58;10,41
0,41;4,64;0,00;0,52;0,58;10,52
0,41;4,38;0,00;0,52;0,58;10,26
0,41;4,38;0,00;0,39;0,58;10,07
0,41;4,38;0,11;0,39;0,47;9,92
0,41;4,28;0,11;0,39;0,47;9,92
0,41;4,28;0,11;0,39;0,58;9,92
0,41;4,51;0,11;0,39;0,58;10,05
0,41;4,51;0,11;0,39;0,58;10,05
0,41;4,52;0,11;0,39;0,58;10,06
0,30;4,41;0,11;0,39;0,58;10,06
0,30;4,22;0,11;0,39;0,58;9,87
0,30;4,33;0,11;0,39;0,58;9,84
0,30;4,45;0,11;0,39;0,58;9,84
0,30;4,39;0,11;0,54;0,58;9,69
0,30;4,39;0,11;0,54;0,58;9,69
0,30;4,41;0,11;0,54;0,58;9,82
0,30;4,41;0,11;0,54;0,58;9,82
0,30;4,45;0,11;0,54;0,58;9,96
0,30;4,45;0,11;0,54;0,58;9,96
0,30;4,45;0,11;0,30;0,83;9,96
0,30;4,45;0,11;0,40;0,83;10,06
0,30;4,45;0,11;0,40;0,83;10,13
0,40;4,45;0,11;0,30;0,89;10,13
0,30;4,56;0,11;0,30;0,89;10,13
0,30;4,62;0,11;0,30;0,97;10,13
0,30;4,73;0,11;0,30;0,97;10,30
0,30;4,94;0,00;0,30;0,97;10,50
0,30;4,94;0,00;0,30;0,97;10,62
0,30;4,91;0,00;0,30;0,90;10,72
0,30;5,00;0,00;0,30;1,00;10,56
0,30;5,00;0,00;0,30;1,00;10,56
0,30;5,24;0,00;0,30;0,90;10,82
0,30;5,09;0,00;0,30;0,90;10,82
0,30;5,21;0,00;0,30;0,90;10,82
0,30;5,21;0,11;0,30;1,03;11,01
0,30;5,31;0,11;0,30;1,03;11,01
0,30;5,19;0,11;0,30;1,03;11,01
0,30;5,34;0,11;0,30;0,90;11,24
0,30;5,24;0,11;0,30;1,00;11,32
0,30;5,24;0,11;0,30;1,00;11,32
0,30;5,37;0,11;0,30;1,00;11,45
0,30;5,26;0,11;0,30;1,00;11,45
0,30;5,38;0,11;0,30;1,00;11,58
0,30;5,37;0,11;0,30;1,00;11,45
0,30;5,25;0,11;0,30;1,00;11,34
0,30;5,14;0,11;0,30;1,00;11,20
0,30;5,24;0,11;0,41;1,00;11,20
0,30;5,80;0,11;0,41;1,00;11,54
0,30;5,80;0,11;0,41;1,00;11,54
0,30;5,76;0,11;0,41;1,00;11,41
0,30;5,86;0,11;0,41;1,00;11,41
0,30;5,95;0,11;0,41;1,00;11,50
0,30;6,19;0,11;0,41;1,12;11,61
0,30;6,21;0,11;0,41;0,97;11,64
0,30;6,20;0,11;0,59;0,98;11,70
0,30;6,20;0,11;0,59;0,98;11,84
0,30;6,32;0,11;0,72;0,98;11,97
0,30;6,26;0,11;0,59;1,17;12,21
0,30;6,17;0,11;0,59;1,17;11,98
0,30;6,23;0,11;0,41;1,11;11,98
0,30;6,63;0,11;0,41;0,98;11,98
0,30;6,58;0,11;0,41;0,87;11,85
0,30;6,58;0,11;0,41;0,87;11,85
0,30;6,51;0,11;0,54;0,87;11,96
0,16;6,54;0,11;0,41;1,00;11,96
0,16;6,66;0,11;0,41;1,00;11,96
0,16;6,97;0,11;0,41;1,00;12,27
0,16;6,97;0,11;0,41;1,00;12,27
0,16;6,92;0,11;0,41;1,00;12,35
0,16;6,52;0,11;0,41;1,00;12,35
0,16;6,65;0,11;0,41;0,87;12,35
0,16;6,68;0,11;0,41;0,87;12,42
0,16;6,90;0,11;0,41;0,87;12,54
0,16;7,10;0,11;0,41;0,87;12,74
0,16;6,79;0,11;0,41;0,97;12,78
0,16;6,53;0,11;0,50;0,87;12,78
0,30;6,78;0,11;0,50;0,87;13,05
0,30;6,86;0,11;0,50;0,81;13,16
0,16;6,83;0,11;0,71;0,81;13,34
0,30;6,92;0,11;0,71;0,81;13,34
0,30;7,05;0,11;0,58;0,94;13,56
0,30;6,88;0,11;0,58;1,04;13,56

