[  PERIODOS BÁSICOS  ] (Total Domicílios|Grande São Paulo|30/05/2022|Live|Rat%|All)
0,61;6,48;0,00;1,26;2,27;16,18
0,84;6,77;0,00;1,31;2,21;16,27
0,90;6,73;0,00;1,37;2,33;16,47
0,90;6,75;0,00;1,51;2,15;16,56
0,90;6,71;0,00;1,50;2,20;16,64
0,90;6,87;0,00;1,51;2,14;16,74
0,90;6,97;0,00;1,59;2,06;16,93
0,90;7,12;0,00;1,59;2,06;17,26
0,90;7,11;0,00;1,65;2,11;17,21
0,84;7,17;0,00;1,71;2,11;17,20
0,84;6,96;0,00;1,90;2,11;17,16
0,84;6,90;0,00;1,90;2,19;17,46
0,84;6,90;0,00;1,90;2,19;17,54
0,84;6,86;0,00;2,13;2,19;17,68
0,84;6,86;0,00;1,93;2,19;17,47
0,84;6,88;0,00;1,93;2,20;17,60
0,79;7,00;0,00;1,81;2,34;17,78
0,84;7,03;0,00;1,81;2,42;17,99
0,84;7,08;0,00;1,96;2,42;18,13
0,84;7,30;0,00;2,01;2,34;18,21
0,84;7,42;0,00;2,09;2,28;18,36
0,84;7,71;0,00;2,04;2,28;18,47
0,84;7,83;0,00;1,83;2,36;18,61
0,84;7,88;0,00;1,87;2,41;18,80
0,84;7,97;0,00;1,82;2,52;19,14
0,84;8,03;0,00;1,82;2,45;19,17
0,84;8,36;0,00;1,82;2,45;19,35
0,84;8,50;0,00;1,87;2,37;19,31
0,84;8,46;0,00;2,08;2,30;19,45
0,84;8,54;0,00;2,08;2,33;19,53
0,93;8,69;0,00;2,10;2,40;19,78
0,93;8,70;0,00;2,00;2,45;19,76
0,78;8,44;0,00;1,92;2,60;19,73
0,84;8,36;0,00;1,94;2,53;19,62
0,79;8,42;0,00;1,94;2,53;19,58
0,79;8,54;0,00;1,94;2,61;19,66
0,79;8,27;0,00;2,10;2,61;19,40
0,79;8,32;0,00;2,03;2,61;19,44
0,79;8,37;0,00;2,09;2,63;19,53
0,79;8,24;0,00;2,06;2,61;19,45
0,79;8,37;0,00;1,95;2,61;19,59
0,79;8,52;0,08;1,80;2,61;19,65
0,82;8,92;0,00;1,80;2,61;20,01
0,82;8,88;0,00;1,80;2,61;19,81
0,82;8,82;0,00;1,94;2,61;20,05
0,82;8,77;0,00;1,94;2,38;19,98
0,82;8,73;0,00;1,94;2,45;19,95
0,82;8,69;0,00;2,00;2,45;19,86
0,82;8,64;0,00;2,11;2,45;19,83
0,82;8,72;0,00;2,12;2,41;19,81
0,82;8,61;0,00;2,07;2,41;19,67
0,88;8,40;0,00;2,15;2,46;19,77
0,95;8,03;0,00;2,15;2,46;19,68
0,90;8,11;0,00;2,17;2,32;19,41
0,90;8,11;0,00;2,17;2,45;19,63
0,90;8,08;0,00;2,32;2,51;19,61
0,90;8,14;0,00;2,36;2,46;19,67
0,82;8,01;0,00;2,52;2,51;19,37
0,77;7,86;0,00;2,44;2,64;19,34
0,77;7,98;0,00;2,63;2,64;19,73
0,82;7,91;0,00;2,61;2,59;19,80
0,82;7,67;0,00;2,78;2,59;19,79
0,82;7,71;0,00;2,73;2,69;19,75
0,77;7,79;0,00;2,73;2,64;19,79
0,77;7,94;0,00;2,73;2,66;19,87
0,77;7,94;0,00;2,78;2,66;19,86
0,77;8,05;0,00;2,66;2,71;19,90
0,77;8,31;0,00;2,75;2,71;20,15
0,85;8,20;0,00;2,82;2,71;20,04
0,85;8,19;0,05;2,90;2,64;20,31
0,80;8,24;0,05;2,92;2,72;20,38
0,78;8,46;0,05;2,92;2,67;20,53
0,84;8,50;0,05;2,92;2,67;20,63
0,87;8,26;0,05;2,92;2,75;20,60
0,94;8,25;0,05;2,92;2,78;20,70
0,87;8,23;0,05;3,03;2,75;20,84
0,87;8,23;0,05;3,03;2,75;21,10
0,87;8,38;0,05;2,98;2,81;21,19
0,87;8,50;0,05;3,14;2,87;21,63
0,87;8,59;0,05;3,14;2,81;21,53
0,87;8,51;0,05;3,22;2,81;21,60
0,93;8,66;0,05;3,22;2,81;21,70
0,93;8,50;0,05;3,11;2,95;21,63
0,97;8,40;0,05;3,08;3,00;21,63
0,97;8,55;0,05;3,08;2,80;21,41
1,11;8,65;0,05;3,29;2,83;21,69
1,11;8,59;0,05;3,25;2,77;21,65
1,11;8,62;0,05;3,25;2,77;21,71
1,13;8,73;0,05;3,33;2,77;21,85
1,16;8,87;0,05;3,40;2,83;22,12
1,16;8,88;0,05;3,47;2,91;22,57
1,16;8,90;0,05;3,52;2,94;22,62
1,02;8,55;0,05;3,78;2,86;22,35
1,07;8,55;0,05;3,73;2,93;22,53
1,07;8,48;0,05;3,88;3,15;22,90
1,07;8,57;0,05;3,79;3,15;23,13
1,07;8,57;0,05;3,69;3,15;23,04
1,07;8,49;0,05;3,61;3,18;22,85
1,07;8,38;0,05;3,61;3,21;23,03
1,14;8,34;0,05;3,46;3,26;23,14
1,14;8,12;0,05;3,23;3,33;22,94
1,38;8,31;0,05;3,28;3,18;23,26
1,30;8,19;0,05;3,30;3,20;23,18
1,30;8,42;0,05;3,35;3,14;23,28
1,14;8,69;0,05;3,35;3,22;23,46
1,14;8,57;0,05;3,15;3,33;23,24
1,08;8,45;0,05;3,20;3,26;23,09
1,13;8,47;0,05;3,08;3,26;22,98
1,19;8,34;0,05;3,08;3,33;22,99
1,22;7,97;0,05;2,99;3,33;22,90
1,22;8,03;0,05;3,09;2,93;22,86
1,28;8,32;0,05;3,16;2,77;23,03
1,20;8,18;0,05;3,43;2,74;23,10
1,20;8,13;0,05;3,52;2,80;23,14
1,25;8,07;0,05;3,46;3,06;23,17
1,17;8,00;0,05;3,51;3,06;23,15
1,04;7,91;0,05;3,47;3,04;22,95
1,14;7,84;0,10;3,42;3,04;23,05
1,09;7,64;0,10;3,25;3,04;22,86
1,09;7,77;0,10;3,09;3,14;22,85
1,03;7,87;0,10;3,22;3,01;23,00
0,91;8,09;0,10;3,16;3,11;23,10
0,91;8,24;0,10;3,22;3,03;23,23
0,91;8,23;0,10;3,27;3,03;23,23
0,98;8,21;0,10;3,27;2,97;23,58
0,98;8,46;0,10;2,98;2,95;23,81
1,04;8,32;0,10;3,12;3,09;23,75
1,10;8,27;0,10;3,25;2,87;23,73
1,10;8,24;0,10;3,16;2,87;23,66
1,04;8,15;0,10;3,16;2,91;23,40
1,04;8,20;0,10;3,23;2,84;23,40
1,04;8,42;0,10;3,16;2,79;23,56
1,12;8,26;0,10;3,31;2,87;23,77
1,12;8,47;0,10;3,46;2,79;23,95
1,12;8,58;0,18;3,40;2,87;24,23
1,12;8,48;0,18;3,40;2,92;24,48
1,12;8,73;0,10;3,27;2,92;24,45
1,03;8,93;0,10;3,21;2,99;24,67
1,08;8,93;0,10;3,14;3,05;24,59
1,08;8,93;0,10;3,21;3,05;24,59
1,08;8,96;0,10;3,22;2,88;24,33
1,15;9,32;0,05;3,22;2,92;24,73
1,15;9,24;0,05;3,28;2,86;24,73
1,15;9,32;0,09;3,40;2,82;24,89
1,35;9,28;0,04;3,31;2,87;24,89
1,43;9,24;0,04;3,39;2,79;24,84
1,38;9,22;0,04;3,36;2,85;24,83
1,42;8,98;0,00;3,42;2,90;24,83
1,46;8,98;0,00;3,51;2,90;25,05
1,46;9,30;0,00;3,55;2,90;24,90
1,45;9,22;0,00;3,50;2,90;24,74
1,49;8,90;0,08;3,62;2,88;24,65
1,44;8,88;0,08;3,64;2,87;24,70
1,50;8,78;0,08;3,81;2,79;24,74
1,44;8,64;0,08;3,69;2,72;24,45
1,56;8,78;0,08;3,66;2,77;24,64
1,49;8,93;0,08;3,65;2,76;24,86
1,49;8,86;0,08;3,61;2,81;24,73
1,43;8,90;0,08;3,59;2,75;24,78
1,59;9,03;0,08;3,71;2,75;24,93
1,60;9,14;0,08;3,84;2,57;24,98
1,60;9,22;0,08;3,95;2,49;24,93
1,60;9,03;0,08;3,95;2,55;24,92
1,62;8,91;0,08;3,80;2,61;24,97
1,62;9,10;0,08;3,74;2,69;25,02
1,62;8,93;0,08;3,61;2,75;24,91
1,54;9,11;0,08;3,61;2,65;25,01
1,54;9,06;0,08;3,55;2,78;25,21
1,61;9,14;0,08;3,55;2,78;25,35
1,61;9,11;0,08;3,68;2,78;25,59
1,61;8,81;0,14;3,62;2,81;25,37
1,73;8,82;0,19;3,56;2,80;25,34
1,73;8,74;0,27;3,51;2,85;25,59
1,81;8,40;0,19;3,45;2,99;25,43
1,81;8,32;0,27;3,40;2,98;25,39
1,73;8,49;0,27;3,45;3,05;25,71
1,73;8,38;0,27;3,45;3,30;25,77
1,65;8,18;0,27;3,65;3,38;25,76
1,65;8,13;0,27;3,70;3,46;25,61
1,79;8,15;0,27;3,75;3,37;25,73
1,79;7,95;0,35;3,75;3,43;25,62
1,65;7,71;0,35;3,79;3,53;25,51
1,65;7,65;0,35;3,93;3,45;25,82
1,51;7,46;0,26;4,05;3,50;25,64
1,51;7,73;0,26;3,91;3,64;26,02
1,69;7,95;0,26;3,81;3,73;26,16
1,47;7,90;0,19;3,95;3,85;26,08
1,17;7,98;0,33;4,00;3,80;26,03
1,22;8,02;0,27;4,05;3,93;26,25
1,17;8,11;0,27;4,10;3,89;26,29
1,17;8,26;0,19;4,29;3,68;26,29
1,17;8,11;0,24;4,27;3,65;26,27
1,17;8,04;0,24;4,27;3,71;26,33
1,11;8,05;0,25;4,28;3,74;26,34
1,06;8,32;0,33;4,26;3,72;26,80
1,05;8,27;0,28;4,09;3,85;26,58
1,18;8,38;0,37;4,04;3,82;26,89
1,13;8,49;0,29;3,96;3,75;26,98
1,13;8,72;0,21;3,91;3,80;26,96
1,13;8,66;0,21;3,99;3,79;26,92
1,13;8,71;0,21;4,04;3,63;26,76
1,13;8,72;0,21;4,10;3,44;26,97
1,13;8,77;0,21;4,16;3,44;27,02
1,13;8,62;0,21;4,16;3,21;26,71
1,21;8,95;0,21;4,20;3,37;27,33
1,21;8,87;0,21;4,15;3,50;27,39
1,21;8,63;0,27;4,18;3,43;27,36
1,21;8,43;0,27;4,18;3,30;27,24
1,07;8,34;0,27;4,19;3,45;27,37
1,08;8,22;0,27;4,19;3,50;27,37
1,02;7,95;0,32;4,49;3,45;27,44
1,02;7,67;0,32;4,81;3,34;27,50
1,02;7,56;0,27;4,87;3,53;27,59
1,02;7,77;0,27;4,74;3,69;27,72
1,02;7,61;0,28;4,86;3,77;27,88
1,09;7,56;0,28;4,83;3,72;27,94
1,09;7,43;0,33;4,98;3,78;28,16
1,08;7,66;0,19;5,03;3,78;28,24
1,16;7,56;0,14;4,93;3,81;28,29
1,16;7,48;0,14;5,14;3,73;28,58
1,16;7,61;0,14;5,05;3,60;28,56
1,16;7,56;0,14;4,89;3,73;28,34
1,01;7,56;0,14;4,89;3,71;28,32
0,94;7,43;0,16;4,97;3,84;28,32
0,94;7,28;0,16;4,79;3,89;28,13
0,94;7,15;0,22;4,79;3,90;28,16
0,94;7,04;0,14;4,85;4,08;28,07
0,79;7,14;0,22;4,85;4,23;28,37
0,78;7,01;0,28;4,90;4,16;28,55
0,86;6,87;0,36;4,84;4,15;28,61
0,86;6,94;0,36;4,79;4,05;28,81
0,86;6,88;0,28;4,88;4,12;28,92
0,80;7,05;0,43;4,97;3,99;28,96
0,80;7,19;0,49;4,97;4,09;29,17
0,95;7,14;0,41;4,97;4,27;29,33
0,75;7,20;0,41;4,75;4,34;29,04
0,83;7,25;0,35;4,76;4,28;29,05
0,83;7,47;0,35;4,71;4,17;29,24
0,83;7,53;0,35;4,54;4,11;29,25
0,83;7,68;0,27;4,54;4,13;29,41
0,91;7,67;0,27;4,61;4,13;29,56
1,11;7,80;0,27;4,68;4,05;29,58
1,11;7,67;0,20;4,52;4,18;29,65
1,08;7,61;0,29;4,77;4,08;29,83
1,15;7,37;0,29;4,76;4,06;29,58
1,15;7,29;0,29;4,81;4,08;29,55
1,15;7,24;0,37;4,90;4,25;30,03
1,15;6,98;0,37;5,00;3,96;30,01
1,08;7,05;0,44;4,95;4,10;29,80
1,15;7,06;0,37;5,12;4,14;30,13
1,15;7,18;0,46;4,90;4,17;30,18
1,15;7,27;0,46;4,84;4,26;30,19
1,08;7,23;0,50;4,92;4,14;30,33
1,08;7,34;0,46;4,87;4,10;30,51
0,97;7,21;0,54;4,78;4,17;30,47
1,02;7,21;0,54;4,71;4,05;30,26
1,08;7,00;0,54;4,85;4,12;30,32
1,00;6,99;0,68;4,99;3,89;30,55
1,00;6,75;0,68;4,91;3,92;30,34
1,07;6,72;0,68;4,86;3,91;30,29
1,12;6,57;0,68;4,91;3,91;29,98
1,07;6,57;0,60;5,03;3,86;29,87
1,00;6,36;0,60;4,89;3,90;29,87
1,00;6,40;0,53;4,99;3,82;29,86
1,05;6,33;0,53;5,02;3,82;29,91
1,05;6,27;0,64;5,01;3,84;29,96
1,13;6,13;0,64;4,87;3,90;29,92
1,13;6,19;0,43;4,79;3,90;29,95
1,13;6,24;0,43;4,84;3,85;30,12
1,07;6,36;0,43;4,89;3,78;30,22
1,08;6,36;0,43;4,89;3,78;30,20
1,08;6,41;0,43;4,84;3,86;30,22
1,08;6,41;0,40;4,80;3,86;30,15
0,99;6,43;0,40;4,75;3,80;29,80
0,91;6,59;0,50;4,70;3,80;29,86
0,86;6,59;0,50;4,73;3,70;29,95
0,63;6,81;0,50;4,82;3,94;30,18
0,63;6,70;0,50;4,92;3,99;30,29
0,72;6,65;0,61;4,63;4,15;30,41
0,72;6,87;0,61;4,51;4,10;30,47
0,72;6,94;0,61;4,61;4,05;30,41
0,72;6,94;0,69;4,61;3,97;30,63
0,65;6,94;0,67;4,68;3,84;30,40
0,65;6,88;0,73;4,68;3,87;30,44
0,65;6,85;0,73;4,55;3,85;30,65
0,72;6,61;0,69;4,53;3,89;30,16
0,64;6,52;0,50;4,66;3,88;30,38
0,79;6,11;0,53;4,88;3,82;30,58
0,79;6,07;0,69;4,96;3,89;30,85
0,79;6,17;0,77;4,95;3,81;30,76
0,79;6,18;0,75;5,02;3,68;30,82
0,59;6,34;0,56;5,18;3,69;31,05
0,67;6,38;0,42;5,08;3,70;31,03
0,60;6,46;0,48;5,01;3,75;31,15
0,82;6,36;0,53;5,01;3,59;31,29
0,82;6,66;0,53;4,85;3,51;31,54
0,88;6,66;0,65;4,71;3,54;31,64
0,82;6,92;0,65;4,59;3,68;31,74
0,87;6,97;0,57;4,72;3,57;31,89
1,00;6,76;0,57;4,81;3,61;32,05
0,88;6,82;0,57;4,94;3,67;32,24
0,88;6,66;0,51;4,84;3,58;32,13
0,92;6,61;0,57;4,83;3,79;32,25
1,10;6,63;0,57;4,91;3,68;32,29
1,04;6,74;0,57;4,90;3,73;32,48
1,10;6,66;0,57;5,08;3,70;32,57
1,15;6,67;0,57;4,95;3,63;32,62
1,20;6,58;0,57;4,92;3,76;32,66
1,39;6,60;0,57;4,86;3,79;32,77
1,39;6,61;0,64;4,66;3,71;32,73
1,39;6,65;0,64;4,49;3,71;32,41
1,51;6,76;0,64;4,48;3,70;32,34
1,66;6,83;0,70;4,41;3,59;32,44
1,82;6,72;0,84;4,40;3,67;32,76
1,87;6,57;0,92;4,32;3,61;32,57
1,87;6,68;0,73;4,35;3,66;32,51
1,79;6,68;0,84;4,40;3,70;32,78
1,79;6,75;0,84;4,40;3,83;32,91
1,92;6,79;0,78;4,30;4,04;32,95
1,86;7,00;0,75;4,17;3,97;33,02
1,85;7,06;0,67;4,28;3,97;33,04
1,84;6,67;0,70;4,34;3,90;33,14
1,79;6,75;0,75;4,27;3,95;33,09
1,90;6,72;0,75;4,20;3,95;33,07
1,98;6,72;0,75;4,20;3,95;33,35
1,95;6,83;0,70;4,28;3,95;33,39
2,06;6,73;0,64;4,22;3,95;33,11
2,19;6,68;0,64;4,22;4,00;33,24
2,14;6,62;0,70;4,22;4,08;33,32
2,14;7,07;0,70;4,22;3,86;33,63
2,22;7,11;0,70;4,22;3,85;33,64
2,22;7,22;0,70;4,21;3,82;33,98
2,15;7,16;0,64;4,15;3,74;33,86
2,21;7,07;0,64;4,21;3,69;34,04
2,28;7,01;0,64;4,31;3,69;34,13
2,45;7,20;0,64;4,25;3,69;34,55
2,38;7,26;0,70;4,26;3,74;34,71
2,52;7,19;0,70;4,47;3,74;34,76
2,60;7,10;0,70;4,47;3,82;35,05
2,67;7,00;0,64;4,76;3,83;35,00
2,75;7,17;0,57;4,80;3,72;35,08
2,84;7,25;0,41;4,88;3,97;35,37
2,84;7,14;0,35;4,77;4,04;35,52
2,90;7,18;0,48;4,66;3,98;35,65
3,06;7,24;0,49;4,58;4,03;35,76
3,06;7,42;0,38;4,63;3,83;35,33
3,12;7,44;0,38;4,58;3,99;35,58
3,03;7,57;0,38;4,71;3,95;35,59
3,03;7,59;0,38;4,90;3,95;35,74
3,22;7,58;0,24;4,78;4,18;35,68
3,22;7,63;0,24;4,82;4,20;35,98
3,29;7,88;0,24;4,76;4,10;36,12
3,20;7,93;0,24;4,90;4,14;36,36
3,36;7,98;0,24;4,89;3,96;36,27
3,49;8,01;0,30;4,64;3,99;36,59
3,64;7,87;0,38;4,38;3,88;36,35
3,59;8,23;0,22;4,51;4,01;36,60
3,54;8,68;0,22;4,44;3,88;36,74
3,62;8,41;0,22;4,62;4,01;36,91
3,43;8,75;0,22;4,55;4,06;37,12
3,29;8,89;0,22;4,66;4,10;37,17
3,25;9,14;0,22;4,73;3,89;37,20
3,19;9,59;0,22;4,99;3,50;37,56
3,46;9,45;0,22;5,10;3,50;37,81
3,54;9,80;0,24;5,05;3,44;38,01
3,74;9,86;0,24;5,05;3,32;38,27
3,74;10,01;0,17;5,23;3,31;38,46
3,66;10,36;0,24;5,20;3,20;38,63
3,59;10,59;0,24;5,20;3,10;38,82
3,73;10,57;0,16;5,22;3,12;38,94
3,76;10,20;0,08;5,32;3,12;38,77
4,01;10,27;0,08;5,43;3,06;39,20
4,07;10,32;0,08;5,45;3,12;39,28
4,12;10,27;0,08;5,45;3,07;39,40
4,25;10,37;0,08;5,30;3,04;39,16
4,36;10,62;0,08;5,42;3,05;39,57
4,56;10,89;0,08;5,26;3,15;40,08
4,61;10,73;0,08;5,35;3,34;40,37
4,51;10,51;0,08;5,75;3,45;40,46
4,21;10,53;0,08;5,81;3,45;40,37
3,85;10,77;0,08;5,87;3,53;40,62
3,76;10,66;0,08;6,11;3,53;40,62
4,08;10,54;0,08;6,11;3,43;40,18
4,08;10,89;0,08;6,32;3,35;40,59
4,09;10,67;0,08;6,21;3,27;40,57
3,95;10,87;0,08;6,41;3,27;40,53
4,10;10,73;0,08;6,43;3,45;40,48
4,22;11,33;0,08;6,57;3,45;41,06
4,20;11,55;0,08;6,49;3,45;40,96
4,26;11,21;0,15;6,30;3,52;40,81
4,32;11,07;0,12;6,44;3,52;40,96
4,32;10,98;0,12;6,50;3,44;40,86
4,31;11,15;0,05;6,52;3,52;40,86
4,59;11,18;0,05;6,41;3,60;41,13
4,46;11,17;0,05;6,57;3,58;41,13
4,64;11,22;0,13;6,54;3,55;41,19
4,76;11,36;0,20;6,54;3,67;41,52
4,88;11,45;0,12;6,60;3,50;41,61
4,88;11,72;0,12;6,42;3,52;41,43
5,02;11,40;0,12;6,53;3,70;41,65
5,17;11,59;0,17;6,48;3,64;41,97
5,23;11,43;0,12;6,56;3,70;41,92
5,10;11,73;0,12;6,59;3,54;42,18
5,24;11,92;0,05;6,38;3,62;42,45
5,29;12,18;0,13;6,44;3,62;42,38
5,29;11,96;0,13;6,67;3,55;42,33
5,26;12,01;0,05;6,65;3,63;42,57
5,24;12,14;0,05;6,65;3,57;42,57
4,93;12,49;0,05;6,74;3,54;42,77
4,31;12,59;0,14;6,84;3,70;42,68
4,20;12,73;0,05;6,87;3,64;42,91
4,19;12,44;0,05;7,08;3,62;42,65
4,54;12,53;0,05;7,10;3,63;42,83
4,42;12,57;0,05;7,12;3,63;42,86
4,35;12,78;0,05;7,19;3,63;43,09
4,43;12,81;0,05;7,13;3,63;43,01
4,57;12,99;0,05;7,08;3,55;43,45
4,50;13,08;0,11;7,00;3,50;43,46
4,55;12,98;0,11;6,97;3,38;43,04
4,61;13,19;0,11;6,97;3,33;43,08
4,65;13,27;0,17;6,92;3,33;43,11
4,45;13,23;0,00;6,98;3,33;42,99
4,30;12,75;0,00;7,15;3,25;42,91
4,13;12,15;0,00;7,40;3,43;43,03
4,11;12,04;0,00;7,51;3,43;43,19
4,04;11,98;0,00;7,74;3,48;43,26
3,98;12,16;0,00;7,70;3,51;43,36
3,86;12,13;0,00;7,76;3,64;43,27
3,86;12,05;0,00;7,63;3,44;42,98
3,75;12,19;0,00;7,47;3,51;43,10
3,75;12,34;0,00;7,35;3,33;43,05
3,75;12,22;0,00;7,28;3,22;42,76
3,84;12,31;0,00;7,19;3,47;42,79
3,93;12,11;0,00;7,36;3,44;42,88
3,88;12,13;0,00;7,49;3,29;43,04
3,76;12,18;0,00;7,59;3,22;43,08
3,81;12,04;0,00;7,51;3,22;43,05
3,75;11,96;0,00;7,80;3,32;43,24
3,73;12,01;0,00;7,66;3,41;42,84
3,68;11,64;0,00;7,64;3,49;42,64
3,70;11,21;0,08;7,66;3,37;42,60
3,70;11,15;0,08;7,71;3,42;42,56
3,65;11,18;0,08;7,63;3,45;42,66
3,65;11,17;0,08;7,56;3,45;42,73
3,56;11,44;0,08;7,39;3,36;42,84
3,48;11,64;0,00;7,36;3,36;42,95
3,45;11,51;0,00;7,47;3,50;42,97
3,46;11,38;0,00;7,53;3,42;42,97
3,46;11,31;0,00;7,61;3,49;42,99
3,56;11,31;0,00;7,49;3,53;42,88
3,45;11,68;0,00;7,71;3,66;43,27
3,50;11,46;0,00;7,63;3,68;42,82
3,31;11,54;0,00;7,78;3,76;42,90
3,26;11,82;0,00;7,70;3,79;42,91
3,28;11,84;0,00;7,83;3,73;43,13
3,17;12,10;0,00;7,69;3,86;43,13
2,90;12,44;0,00;7,50;3,84;43,30
2,90;12,35;0,00;7,63;3,88;43,71
3,01;12,38;0,00;7,59;3,88;43,56
2,87;12,19;0,00;7,77;3,95;43,70
2,87;12,41;0,00;7,70;3,90;43,64
2,69;12,36;0,00;7,59;3,68;43,25
2,77;12,31;0,00;7,64;3,63;43,34
2,55;12,29;0,00;7,80;3,56;43,65
2,49;12,37;0,05;7,92;3,48;43,65
2,59;12,34;0,05;7,83;3,53;43,41
2,59;12,49;0,05;7,83;3,53;43,48
2,59;12,54;0,05;7,85;3,46;43,39
2,64;12,36;0,05;7,88;3,41;43,43
2,53;12,60;0,05;7,87;3,41;43,59
2,45;12,34;0,05;7,98;3,52;43,60
2,40;12,55;0,13;7,64;3,52;43,31
2,08;12,87;0,13;7,69;3,57;43,54
2,11;12,89;0,08;7,88;3,50;43,67
2,08;12,91;0,08;7,80;3,51;43,55
2,06;12,55;0,08;7,90;3,51;43,33
2,05;12,55;0,08;7,84;3,51;43,36
2,12;12,58;0,08;7,92;3,58;43,31
2,01;12,63;0,08;7,88;3,68;43,38
2,11;12,71;0,08;7,90;3,68;43,50
1,98;12,69;0,08;8,11;3,66;43,50
1,83;12,69;0,08;7,93;3,79;43,37
1,70;12,70;0,00;8,21;3,68;43,51
1,70;12,59;0,00;8,36;3,68;43,47
1,70;12,59;0,00;8,48;3,58;43,29
1,84;12,20;0,00;8,52;3,58;43,51
1,84;12,33;0,00;8,40;3,58;43,28
1,85;12,44;0,00;8,30;3,58;43,29
1,92;12,16;0,00;8,46;3,58;43,48
1,99;12,30;0,04;8,32;3,53;43,53
1,82;12,35;0,04;8,54;3,32;43,79
1,82;12,54;0,04;8,46;3,38;43,73
1,82;12,47;0,04;8,32;3,37;43,57
1,63;12,59;0,04;8,04;3,31;43,54
1,58;12,56;0,04;8,07;3,37;43,58
1,58;12,57;0,04;7,97;3,37;43,55
1,50;12,56;0,04;7,69;3,44;43,57
1,44;12,51;0,04;7,94;3,34;43,95
1,44;12,42;0,04;8,00;3,34;43,88
1,35;12,72;0,04;7,88;3,22;43,81
1,35;12,74;0,04;8,00;3,22;43,94
1,43;12,61;0,04;7,83;3,31;43,76
1,31;12,90;0,04;7,80;3,39;43,78
1,35;12,87;0,04;7,78;3,51;43,89
1,34;12,61;0,04;7,92;3,49;43,79
1,37;12,83;0,00;7,47;3,44;43,56
1,37;12,71;0,00;7,55;3,52;43,88
1,37;12,95;0,00;7,69;3,52;44,13
1,41;13,03;0,04;7,53;3,52;43,99
1,41;13,12;0,00;7,67;3,52;44,15
1,52;13,09;0,00;7,63;3,51;44,16
1,34;13,10;0,00;7,76;3,62;44,39
1,38;13,14;0,08;7,82;3,62;44,43
1,38;13,67;0,08;7,69;3,60;44,80
1,28;13,84;0,00;7,56;3,40;44,63
1,28;13,79;0,00;7,73;3,37;44,78
1,30;13,54;0,05;7,81;3,37;44,60
1,20;13,83;0,00;7,66;3,32;44,79
1,16;13,82;0,00;7,70;3,27;44,37
1,11;13,95;0,00;7,51;3,40;44,70
1,11;14,31;0,00;7,59;3,44;45,00
1,11;14,42;0,00;7,65;3,44;44,84
1,11;14,36;0,00;7,73;3,50;45,15
1,11;14,35;0,00;7,74;3,51;45,04
1,31;14,04;0,00;7,59;3,60;45,06
1,38;13,89;0,00;7,93;3,54;45,03
1,50;13,62;0,00;7,87;3,55;45,13
1,62;13,49;0,00;7,98;3,62;45,24
1,55;13,69;0,00;8,10;3,59;45,42
1,48;13,80;0,00;7,77;3,54;45,33
1,46;14,03;0,00;7,50;3,54;45,37
1,59;14,40;0,00;7,05;3,64;45,38
1,66;14,44;0,00;6,87;3,74;45,17
1,79;14,16;0,00;6,92;3,66;44,99
1,94;14,10;0,00;6,84;3,76;45,12
1,94;14,24;0,00;6,82;3,76;44,72
1,94;14,32;0,08;6,67;3,63;44,69
1,94;13,97;0,08;6,97;3,45;44,36
2,09;14,27;0,00;7,28;3,45;44,66
2,04;14,41;0,07;7,28;3,48;44,93
1,97;14,36;0,00;7,41;3,48;45,43
2,10;15,06;0,06;7,44;2,98;45,59
1,91;15,20;0,12;7,47;2,91;45,37
1,95;15,62;0,25;7,56;2,91;46,05
2,06;15,24;0,25;7,72;2,96;46,09
2,07;15,02;0,19;7,77;3,01;46,31
2,21;14,99;0,31;7,76;2,90;46,48
2,12;15,13;0,31;7,69;2,75;46,42
2,12;15,28;0,37;7,67;2,74;46,79
2,12;15,17;0,37;7,60;2,87;46,78
2,05;15,23;0,37;7,58;3,07;46,61
1,85;15,28;0,56;7,56;2,99;46,92
1,98;15,33;0,56;7,59;2,93;46,79
1,96;15,52;0,49;7,50;2,88;46,62
2,04;15,31;0,55;7,40;2,71;46,59
2,04;15,37;0,36;7,47;2,70;46,24
2,04;15,30;0,36;7,26;2,70;46,36
2,09;15,38;0,42;7,09;2,76;46,31
2,16;15,75;0,42;6,79;2,76;46,41
2,22;15,81;0,42;6,77;2,81;46,39
2,22;15,43;0,42;6,54;3,16;46,39
2,22;15,21;0,85;6,42;3,24;46,38
2,24;15,44;1,28;5,35;3,47;46,29
2,21;15,44;1,29;5,12;3,46;46,34
2,33;15,54;1,51;4,90;3,32;46,41
2,43;15,71;1,46;4,78;3,45;46,54
2,43;15,73;1,52;4,66;3,53;46,29
2,43;15,89;1,47;4,63;3,54;46,35
2,43;16,12;1,42;4,53;3,54;46,24
2,47;16,15;1,44;4,42;3,24;46,37
2,66;16,12;1,43;4,37;3,26;46,10
2,65;16,03;1,53;4,30;3,21;46,29
2,73;15,78;1,22;4,25;3,31;46,09
3,07;13,18;1,22;4,23;3,51;44,63
3,18;11,91;1,67;4,34;3,59;44,47
3,04;11,85;1,73;4,32;3,58;43,83
2,99;11,71;2,12;4,20;3,70;44,00
3,12;11,87;2,04;4,12;3,81;44,47
3,18;11,96;1,96;4,22;3,83;44,50
3,11;11,82;2,01;4,10;3,83;44,59
3,16;11,77;2,07;4,01;3,89;44,58
3,01;11,52;2,26;3,97;3,94;44,62
2,86;11,36;2,26;3,97;3,94;44,21
2,79;11,25;2,35;3,91;3,81;44,07
2,96;11,47;2,26;3,76;3,71;44,32
2,81;11,44;2,34;3,95;3,42;44,05
2,86;11,61;2,23;3,88;3,32;44,10
2,74;11,62;2,23;3,80;3,50;44,10
2,71;11,94;2,09;3,59;3,56;44,02
2,71;11,89;2,09;3,59;3,56;44,22
2,76;11,87;2,09;3,63;3,54;44,00
2,82;11,81;2,15;3,50;3,39;44,12
2,75;11,95;2,09;3,50;3,65;44,11
2,93;11,34;1,74;3,46;3,68;44,01
3,12;11,15;1,79;3,50;3,87;43,86
3,14;11,31;1,84;3,53;3,87;43,65
3,26;11,30;1,77;3,61;3,84;43,95
3,45;11,29;1,64;3,58;3,73;43,85
3,22;11,51;1,59;3,52;3,68;44,05
3,01;11,51;1,81;3,48;3,78;44,06
2,98;11,50;1,88;3,36;3,75;44,01
2,79;11,80;1,90;3,30;3,80;44,46
2,71;12,06;1,89;3,44;3,73;44,44
2,51;12,12;1,84;3,46;3,60;44,44
2,47;12,30;2,04;3,59;3,58;44,48
2,71;11,96;2,04;3,47;3,58;44,54
2,71;12,06;1,83;3,57;3,63;44,49
2,72;12,07;1,75;3,54;3,79;44,48
3,00;11,76;1,75;3,50;3,68;43,99
3,01;12,28;1,61;3,60;3,64;44,48
3,32;12,40;1,53;3,52;3,67;44,46
3,31;12,27;1,53;3,67;3,72;44,33
3,53;11,36;1,47;3,58;3,72;43,69
3,41;11,66;1,48;3,60;3,86;44,04
3,20;12,09;1,63;3,50;3,73;43,80
3,14;12,73;1,68;3,50;3,63;43,95
3,43;12,56;1,58;3,50;3,52;44,51
3,40;12,55;1,74;3,49;3,52;44,32
3,37;12,76;1,74;3,47;3,61;44,49
3,50;12,83;1,66;3,55;3,61;44,56
3,67;13,02;1,70;3,64;3,56;44,87
3,79;13,12;1,64;3,75;3,62;45,02
3,78;13,15;1,67;3,65;3,80;44,88
3,79;13,30;1,72;3,64;3,72;44,81
4,14;13,30;1,86;3,57;3,85;44,91
4,14;13,01;1,81;3,52;3,82;44,85
4,22;13,08;1,89;3,73;3,70;45,11
4,49;13,20;1,98;3,70;3,56;45,22
4,36;13,30;1,90;3,70;3,41;45,15
4,39;13,22;1,86;3,84;3,49;45,39
4,33;12,58;1,80;3,95;3,60;45,03
4,32;12,46;1,78;3,91;3,70;44,73
4,35;12,43;1,72;3,91;3,65;45,07
4,37;12,24;1,72;3,96;3,69;45,32
4,38;12,28;1,91;4,00;3,69;45,52
4,39;12,13;1,92;3,87;3,76;45,34
4,22;12,51;1,98;3,61;3,55;45,35
4,29;12,71;1,92;3,71;3,71;45,54
4,28;12,91;1,83;3,78;3,76;45,76
4,20;12,72;1,86;3,76;3,84;45,66
4,12;13,13;2,01;3,61;3,97;46,14
4,42;13,08;1,97;3,68;4,25;46,55
4,44;12,77;1,49;3,97;4,38;46,66
4,47;12,76;1,57;4,04;4,19;46,72
4,37;13,11;1,50;3,99;4,24;46,78
4,36;13,14;1,55;4,02;4,30;46,48
4,36;13,00;1,63;4,25;3,99;46,47
4,23;13,11;1,52;4,28;3,88;46,42
4,49;12,84;1,47;4,00;3,88;46,43
4,41;13,18;1,57;3,94;3,83;46,61
4,60;12,67;1,52;4,01;4,10;46,68
4,57;13,02;1,41;3,95;3,86;46,81
4,56;12,60;1,31;4,14;3,37;46,59
4,56;12,84;1,39;4,10;3,71;47,02
4,81;12,84;1,33;4,02;3,77;47,38
4,83;13,26;1,12;4,12;3,79;47,64
4,40;13,73;1,06;4,33;3,76;47,68
4,45;13,80;1,06;4,33;3,90;47,68
4,60;14,13;1,06;4,26;4,03;47,97
4,45;14,20;1,00;4,42;4,09;48,01
4,30;14,30;1,03;4,99;4,17;48,63
4,36;14,66;0,45;4,96;4,53;48,75
4,47;13,91;0,32;4,97;4,57;48,46
4,81;13,44;0,32;5,26;4,41;48,61
4,91;13,09;0,32;5,49;4,42;48,55
4,80;13,08;0,32;5,32;4,62;48,63
4,92;13,27;0,32;5,49;4,47;48,96
4,95;13,51;0,34;5,55;4,40;49,18
4,88;13,52;0,34;5,63;4,54;49,11
4,99;13,35;0,19;5,75;4,75;49,42
4,90;13,46;0,23;6,05;4,94;49,61
4,93;13,66;0,19;5,97;4,74;49,67
5,17;14,04;0,11;5,82;4,69;49,63
5,01;13,98;0,11;6,14;4,88;49,96
5,17;13,92;0,11;5,90;4,92;49,86
5,28;13,56;0,11;6,39;5,08;50,25
5,26;14,05;0,11;6,59;4,91;50,39
5,21;13,99;0,11;6,75;5,09;50,88
5,01;14,05;0,11;6,84;5,11;50,59
5,17;14,26;0,11;6,76;5,10;50,88
5,15;14,72;0,11;6,69;4,96;51,08
5,20;14,51;0,11;7,07;5,19;51,57
5,08;14,61;0,11;6,97;5,17;51,67
5,05;14,65;0,19;7,27;5,17;52,07
4,89;14,42;0,19;7,18;5,32;51,69
5,03;14,80;0,19;6,86;5,57;52,34
5,01;14,81;0,19;6,99;5,51;52,14
5,05;14,86;0,19;6,84;5,71;52,53
5,24;14,51;0,19;6,88;5,61;52,38
5,15;14,54;0,19;7,09;5,61;52,61
5,25;14,64;0,19;7,07;5,52;52,78
5,35;14,55;0,27;6,99;5,52;53,14
5,34;14,56;0,27;7,18;5,64;53,41
5,53;14,51;0,14;7,30;5,44;53,47
5,62;14,61;0,14;7,63;5,55;53,91
5,49;14,71;0,06;7,71;5,52;54,15
5,51;14,78;0,06;7,65;5,74;54,54
5,34;14,85;0,06;7,81;5,59;54,71
5,36;15,00;0,06;8,06;5,38;54,67
5,69;15,02;0,06;7,92;5,27;54,93
5,76;15,21;0,06;7,97;5,22;55,30
5,60;15,23;0,06;8,20;5,32;55,31
5,58;15,38;0,11;8,19;5,32;55,34
5,79;15,50;0,11;8,38;5,23;55,59
5,68;15,46;0,11;8,45;5,38;55,50
5,62;15,76;0,11;8,44;5,49;55,84
5,63;15,73;0,11;8,48;5,45;55,53
5,62;16,04;0,11;8,28;5,70;55,90
5,72;15,71;0,19;8,43;5,69;55,97
5,55;15,79;0,11;8,39;5,96;56,12
5,50;15,93;0,17;8,08;5,90;56,15
5,56;16,14;0,17;8,17;5,73;56,26
5,48;16,38;0,24;8,27;5,86;56,71
5,09;16,24;0,24;8,33;5,87;56,87
5,38;16,59;0,24;8,16;5,78;57,19
5,49;16,82;0,24;8,26;5,66;57,24
5,45;16,87;0,24;8,60;5,57;57,68
5,58;16,93;0,31;8,71;5,37;57,76
5,66;17,21;0,25;8,85;5,42;57,80
5,52;17,35;0,25;8,89;5,11;57,49
5,72;17,47;0,25;8,43;5,35;57,63
5,86;17,26;0,33;8,56;5,61;57,67
5,71;17,02;0,44;8,69;5,66;57,69
5,50;17,05;0,44;8,71;5,74;57,73
5,32;16,65;0,63;8,91;5,73;57,94
5,27;16,59;0,58;8,62;5,72;57,81
5,47;16,74;0,45;8,31;5,85;57,93
5,29;17,15;0,62;8,15;5,80;58,41
5,46;17,27;0,65;7,80;5,84;58,64
5,23;17,22;0,62;7,81;5,86;58,76
5,32;17,42;0,76;7,97;5,87;58,97
5,37;17,58;0,76;7,91;5,73;58,96
5,43;17,61;0,88;7,99;5,68;59,15
5,26;17,80;0,90;7,89;5,89;59,33
5,26;17,83;0,97;8,10;5,80;59,45
5,32;17,53;0,97;8,15;5,97;59,61
5,19;17,58;1,15;8,29;5,81;59,84
5,43;17,54;1,15;7,94;5,85;59,95
5,68;17,65;1,00;8,09;6,03;60,35
5,40;17,91;1,06;8,21;6,11;60,62
5,41;18,11;1,03;8,36;6,03;61,00
5,49;18,40;1,10;8,39;5,80;61,19
5,49;18,42;0,98;8,36;5,81;61,10
5,32;18,27;1,07;8,21;5,88;60,98
5,29;18,34;1,19;8,19;5,90;61,32
5,26;18,27;1,28;8,31;5,83;61,23
5,16;18,32;1,34;8,17;5,81;61,15
5,14;18,85;1,44;8,07;5,67;61,46
4,94;19,27;1,44;7,90;5,59;61,22
4,86;18,93;1,47;8,04;5,54;61,42
5,04;19,01;1,25;8,21;5,64;61,68
4,90;19,06;1,32;8,39;5,69;61,93
4,95;19,42;1,31;8,21;5,53;62,26
4,72;19,74;1,37;8,28;5,62;62,29
4,78;20,01;1,48;8,25;5,53;62,56
4,83;19,97;1,34;8,22;5,56;62,64
5,07;20,07;1,35;8,06;5,50;62,77
5,07;19,79;1,14;8,17;5,67;62,57
5,05;19,48;1,09;8,25;5,61;62,64
4,96;19,53;1,01;8,60;5,69;63,02
4,72;19,35;1,22;8,73;5,81;63,01
4,77;19,16;1,22;8,54;5,69;63,12
4,76;19,65;1,22;8,28;5,75;63,49
4,76;20,18;1,12;8,29;5,73;63,69
4,82;20,02;1,05;8,40;5,73;63,67
4,64;19,90;1,16;8,45;5,56;63,53
4,65;19,94;1,16;8,31;5,48;63,25
4,54;20,22;1,11;8,38;5,65;63,71
4,49;20,32;1,11;8,36;5,65;64,13
4,60;20,40;1,44;7,85;5,57;63,91
4,87;20,68;1,33;7,95;5,54;64,50
4,91;20,67;1,29;8,16;5,58;64,59
4,78;20,46;1,34;8,23;5,61;64,31
4,73;20,59;1,45;8,05;5,66;64,94
4,91;20,88;1,37;8,18;5,68;65,15
4,87;20,84;1,30;8,21;5,58;65,26
4,81;20,75;1,37;8,10;5,61;65,34
4,89;20,47;1,44;8,11;5,69;65,51
5,02;19,75;1,39;8,52;5,92;65,19
4,89;19,91;1,47;8,67;5,88;65,44
5,04;19,87;1,42;8,90;5,71;65,14
5,13;19,96;1,45;9,18;5,39;65,41
5,06;20,30;1,52;9,11;5,26;65,23
5,12;20,54;1,60;9,01;5,20;65,77
4,89;20,56;1,64;9,23;5,09;65,76
4,76;20,68;1,73;9,17;5,16;66,10
4,70;20,72;1,81;9,04;5,25;66,13
4,77;20,81;1,52;8,91;5,44;66,25
4,46;20,74;1,58;8,66;5,43;66,49
4,36;21,23;1,34;8,81;5,49;66,51
4,44;21,49;1,23;8,88;5,43;66,51
4,15;21,47;1,29;8,73;5,48;66,33
4,41;21,89;1,35;8,56;5,56;66,61
4,60;22,15;1,41;8,52;5,51;66,68
4,67;22,13;1,55;8,51;5,54;66,64
4,59;22,30;1,59;8,68;5,60;66,87
4,47;22,16;1,60;8,65;5,73;67,12
4,41;22,24;1,60;8,70;5,68;66,89
4,54;22,39;1,60;8,84;5,60;66,92
4,46;22,55;1,66;8,81;5,23;66,97
4,76;22,35;1,59;8,47;5,26;67,15
4,44;22,54;1,71;8,66;5,49;67,37
4,56;22,46;1,64;8,80;5,38;67,65
4,51;22,42;1,53;8,62;5,61;67,59
4,45;22,52;1,53;8,88;5,73;67,69
4,48;22,72;1,31;8,88;5,71;67,73
4,65;22,90;1,37;8,88;5,72;68,09
4,43;23,15;1,37;8,84;5,72;68,25
4,39;23,24;1,42;8,66;6,02;68,09
4,73;23,33;1,25;8,79;6,07;68,18
4,70;23,47;1,25;8,90;6,07;68,29
4,94;22,41;1,18;9,43;6,12;68,38
4,94;21,98;1,18;9,47;6,35;68,46
5,09;21,54;1,18;9,46;6,35;68,68
5,32;21,59;1,19;9,29;6,12;68,55
5,28;21,65;1,19;9,42;6,04;68,85
5,34;21,54;1,19;9,61;5,92;68,82
5,18;21,31;1,13;9,62;5,85;68,54
5,31;21,49;1,13;9,57;5,70;68,66
5,36;21,54;1,13;9,82;5,69;68,79
5,56;21,66;1,07;9,27;5,80;68,78
5,35;21,58;1,02;9,35;5,74;68,72
5,14;21,58;0,86;9,32;5,82;68,61
5,43;21,60;0,86;9,54;5,74;68,68
5,63;21,76;0,86;9,57;5,83;68,59
5,63;21,55;0,86;9,68;5,84;68,49
5,61;22,26;1,00;9,81;4,97;68,50
5,34;22,26;0,95;9,80;5,27;68,15
5,34;22,56;0,83;10,17;5,11;68,47
5,30;22,53;0,75;10,18;5,24;68,63
5,34;22,45;0,67;10,07;5,40;68,74
5,01;22,62;0,61;9,96;5,38;68,65
4,99;22,85;0,61;9,90;5,49;68,72
4,88;23,24;0,72;9,74;5,65;68,71
4,93;23,23;0,75;9,91;5,41;68,56
4,98;23,13;0,66;10,06;5,40;69,17
5,31;23,10;0,72;9,87;5,45;69,21
5,23;23,33;0,97;8,95;5,66;68,75
5,22;23,00;0,78;9,25;5,80;68,74
5,63;22,04;0,82;9,38;5,58;68,48
5,83;21,77;0,75;9,66;5,75;68,52
5,84;21,99;0,75;9,55;6,00;69,06
5,76;22,01;0,70;9,80;6,19;68,79
5,60;22,49;0,70;9,88;6,24;69,17
5,55;22,56;0,58;9,74;6,37;69,19
5,51;22,69;0,58;9,75;6,42;69,12
5,71;22,59;0,61;9,63;6,41;69,54
5,76;23,00;0,57;9,72;6,21;69,90
5,81;22,96;0,57;9,71;6,06;70,20
6,03;23,05;0,62;9,86;5,81;70,03
6,28;23,03;0,54;9,26;5,76;69,74
6,23;23,06;0,54;8,99;5,83;69,70
6,01;23,17;0,62;8,73;5,76;69,62
5,71;23,39;0,59;8,66;5,67;69,36
5,87;23,30;0,69;8,71;5,43;69,54
5,96;23,23;0,69;8,81;5,56;69,88
5,88;23,45;0,63;8,69;5,50;70,10
5,75;23,79;0,63;8,80;5,67;70,12
5,82;23,85;0,66;8,96;5,66;70,44
5,77;23,85;0,65;8,99;5,75;70,27
5,50;24,11;0,65;9,17;5,80;70,35
5,41;24,45;0,65;8,68;5,78;70,14
5,16;24,71;0,64;8,71;5,62;70,15
5,14;24,69;0,61;8,57;5,88;70,21
5,31;24,76;0,53;8,52;5,99;70,02
5,41;24,58;0,40;8,34;5,90;69,98
5,51;25,05;0,27;8,46;6,15;70,36
5,38;25,16;0,27;8,35;5,99;70,03
5,65;25,14;0,27;8,34;6,09;70,24
5,35;25,36;0,33;8,16;6,18;70,03
5,67;25,00;0,33;8,31;6,24;70,13
5,45;24,28;0,33;8,70;6,68;70,42
5,15;24,31;0,38;8,83;6,70;70,05
4,82;24,58;0,38;8,73;6,98;70,08
4,85;24,57;0,30;8,74;6,72;70,06
4,78;24,83;0,32;8,42;6,62;70,04
4,70;25,34;0,32;8,42;6,34;70,01
4,78;25,19;0,25;8,42;6,34;69,76
5,03;25,36;0,33;8,16;6,39;69,76
4,90;25,16;0,33;8,08;6,52;69,54
5,00;25,36;0,30;8,55;6,20;69,68
5,06;25,38;0,30;8,92;5,64;70,20
5,04;25,41;0,23;8,80;5,81;70,16
4,90;26,12;0,23;8,63;5,64;69,86
5,10;26,53;0,23;8,26;5,59;69,96
5,23;26,47;0,26;8,21;5,85;69,91
5,18;26,34;0,26;8,39;5,90;69,97
5,13;26,17;0,23;8,32;5,99;69,96
5,05;26,15;0,23;8,23;6,03;69,77
5,02;25,91;0,23;8,50;6,26;70,00
5,19;25,69;0,31;8,56;6,30;70,33
5,21;25,55;0,23;8,67;6,24;70,34
5,00;25,14;0,23;8,47;6,56;69,66
4,89;25,25;0,23;8,38;6,45;69,54
4,83;25,32;0,23;8,22;6,40;69,41
4,75;25,85;0,23;8,14;6,31;69,43
4,59;26,34;0,23;8,11;6,47;69,32
4,65;26,31;0,23;8,59;6,44;69,22
4,43;26,33;0,23;8,48;6,00;69,02
4,55;26,25;0,23;8,34;6,20;68,75
3,89;26,63;0,28;8,46;6,49;68,71
3,78;26,90;0,28;8,48;6,88;68,51
3,73;27,60;0,20;7,91;6,90;68,37
3,83;27,89;0,20;7,73;6,83;68,35
3,92;27,89;0,20;7,82;6,75;68,49
3,96;27,89;0,20;7,78;6,75;68,74
3,93;27,48;0,20;7,86;6,89;68,61
4,23;27,31;0,20;7,96;6,87;68,95
4,23;27,18;0,20;8,19;6,94;68,70
4,33;27,02;0,20;8,42;6,92;68,94
4,25;27,50;0,20;8,11;6,78;69,00
4,33;27,80;0,15;8,03;6,85;69,41
4,48;27,53;0,15;8,08;6,91;69,32
4,43;27,29;0,15;7,94;7,01;69,03
4,63;27,44;0,15;7,84;6,89;68,81
4,56;27,32;0,15;8,06;6,90;69,05
4,62;27,40;0,15;8,23;6,82;69,14
4,51;27,59;0,15;8,12;6,97;69,32
4,27;27,87;0,15;8,17;6,82;69,30
4,20;27,93;0,15;8,29;6,88;69,09
4,16;27,16;0,15;8,12;6,97;69,01
4,16;27,77;0,15;8,07;6,86;68,97
4,29;27,99;0,15;7,90;6,79;69,21
4,03;28,39;0,15;7,93;6,42;69,21
3,88;29,01;0,15;7,47;6,54;68,97
3,56;29,24;0,15;7,16;6,59;68,90
3,50;29,41;0,15;7,08;6,67;68,71
3,39;29,66;0,15;7,13;6,67;68,78
2,87;30,05;0,15;7,24;6,49;68,74
2,77;29,75;0,15;7,14;6,49;68,24
2,82;29,80;0,15;7,19;6,38;67,63
2,92;31,01;0,10;7,23;5,57;68,01
2,98;31,41;0,10;7,07;5,56;67,85
2,97;30,90;0,05;7,37;5,30;67,35
2,97;31,48;0,10;7,31;5,24;68,13
2,99;32,02;0,10;7,53;5,21;68,17
3,09;32,64;0,16;7,38;5,11;68,14
3,02;32,30;0,16;7,28;4,93;67,72
3,18;31,44;0,24;7,41;5,13;67,94
3,21;31,22;0,24;7,53;5,34;68,17
3,54;30,67;0,29;6,89;5,25;67,72
3,49;30,61;0,29;6,87;5,10;67,48
3,13;31,12;0,29;6,89;4,95;67,33
3,18;31,78;0,29;6,68;4,89;67,38
3,23;31,71;0,29;6,62;4,97;67,36
3,25;31,81;0,34;6,38;5,08;67,29
3,20;32,30;0,24;6,54;5,19;67,40
3,14;32,16;0,24;6,54;5,26;67,27
3,13;31,79;0,24;6,64;5,30;67,20
3,21;31,48;0,38;6,52;5,31;66,75
3,09;31,34;0,45;6,61;5,17;66,61
3,23;31,27;0,45;6,69;5,11;66,90
3,14;31,34;0,50;6,69;5,35;66,96
3,28;30,37;0,80;7,10;5,66;66,73
3,35;30,11;0,74;7,16;5,76;66,56
3,47;29,52;0,74;7,14;5,82;66,79
3,55;30,16;0,55;5,26;5,87;66,06
3,68;29,96;0,67;4,63;6,05;66,02
3,70;30,37;0,61;4,68;6,08;65,91
3,37;30,86;0,61;4,63;5,91;65,98
3,19;31,34;0,68;4,49;5,94;66,05
3,13;31,41;0,59;4,48;5,76;65,66
3,13;32,08;0,53;4,34;5,76;65,76
3,07;32,15;0,60;4,31;5,58;65,67
3,18;32,62;0,45;4,16;5,49;65,74
3,26;32,61;0,52;4,22;5,53;65,60
3,34;32,72;0,58;3,90;5,49;65,35
3,65;32,97;0,53;3,74;5,37;65,62
3,71;33,00;0,50;3,73;5,12;65,65
3,72;32,10;0,65;3,71;5,03;65,43
3,90;31,48;0,67;3,54;5,81;65,36
3,96;31,34;0,52;3,45;5,70;65,65
3,96;31,51;0,52;3,38;5,66;65,51
4,00;31,56;0,63;3,54;5,63;65,27
3,85;32,10;0,67;3,54;5,65;65,13
3,65;32,50;0,68;3,43;5,80;65,10
3,71;32,86;0,68;3,50;5,74;65,25
3,52;33,36;0,62;3,37;5,55;65,24
3,57;33,49;0,62;3,33;5,60;65,21
3,55;33,37;0,62;3,33;5,65;65,03
3,62;33,38;0,56;3,12;5,59;65,12
3,67;33,43;0,64;3,19;5,08;65,09
3,43;33,80;0,69;3,43;4,40;64,90
3,43;33,69;0,69;3,47;4,29;64,54
3,43;33,60;0,64;3,65;4,06;64,45
3,35;33,90;0,72;3,57;3,92;64,63
3,43;34,02;0,77;3,63;3,62;64,26
3,70;33,14;0,98;3,50;3,65;64,32
3,61;32,71;1,11;3,63;3,71;64,18
3,40;31,97;1,11;3,63;3,74;64,05
3,60;32,66;0,59;3,75;3,65;64,09
3,36;32,42;0,38;3,76;3,68;63,84
2,97;32,93;0,38;3,89;3,87;63,41
2,30;33,48;0,35;3,67;3,88;63,18
1,97;33,75;0,42;3,68;3,64;62,95
1,98;33,75;0,35;3,68;3,70;62,91
1,74;33,61;0,35;3,61;3,70;62,53
1,67;33,58;0,35;3,61;3,72;62,44
1,67;33,61;0,35;3,68;3,72;62,60
1,67;33,53;0,30;3,60;3,72;62,34
1,67;33,79;0,35;3,60;3,65;62,78
1,74;33,65;0,43;3,54;3,58;62,61
1,68;33,80;0,39;3,54;3,71;62,58
1,73;33,92;0,39;3,48;3,71;62,44
1,60;33,71;0,31;3,51;3,60;62,32
1,60;33,59;0,39;3,62;3,65;62,24
1,62;30,08;0,39;4,33;4,24;60,29
2,02;25,14;0,62;4,86;5,35;59,07
2,24;23,31;0,61;4,79;5,75;58,57
2,32;22,39;0,61;4,63;5,87;57,95
2,22;21,94;0,56;4,96;6,12;57,74
2,24;21,59;0,56;5,11;6,14;57,51
2,12;20,81;0,56;5,27;6,35;57,18
2,13;20,88;0,56;5,18;6,46;56,90
2,25;20,55;0,51;5,16;6,56;56,70
2,25;20,23;0,38;5,22;6,50;56,85
2,34;19,98;0,38;5,30;6,47;56,61
2,33;19,82;0,23;5,30;6,67;56,45
2,41;19,86;0,23;5,24;6,53;56,08
2,55;19,60;0,23;5,24;6,61;55,77
2,55;19,52;0,23;5,41;6,46;55,43
2,50;19,33;0,23;5,46;6,48;55,12
2,50;18,83;0,23;5,51;6,47;54,53
2,13;18,77;0,37;5,55;6,71;54,65
2,06;18,45;0,41;5,53;6,77;54,24
2,06;17,80;0,34;5,48;6,94;53,96
1,98;17,57;0,34;5,48;6,99;53,83
1,95;17,50;0,29;5,50;7,07;53,63
2,00;17,46;0,25;5,85;6,86;53,41
2,00;17,37;0,25;5,78;6,89;53,18
2,01;17,01;0,25;5,77;6,95;53,06
2,06;16,85;0,25;5,76;6,74;52,31
2,13;16,80;0,30;5,87;6,69;52,66
2,10;16,86;0,30;5,80;6,69;52,24
2,10;16,71;0,30;5,94;6,50;51,86
2,07;16,29;0,25;5,86;6,51;51,41
2,07;15,90;0,25;5,94;6,54;51,08
1,92;15,85;0,25;6,04;6,54;50,59
1,97;15,94;0,25;5,81;6,48;50,38
1,87;16,04;0,30;5,76;6,59;50,30
1,96;16,04;0,25;5,72;6,52;50,21
1,78;16,01;0,30;5,88;6,68;50,16
1,85;15,63;0,25;5,83;6,66;49,60
1,85;15,58;0,33;5,77;6,62;49,26
1,73;15,21;0,33;5,94;6,59;49,26
1,78;15,31;0,33;6,08;6,10;48,95
1,89;15,66;0,33;6,00;5,55;48,96
1,94;15,35;0,33;6,10;5,30;48,56
1,99;15,29;0,33;5,98;5,45;48,39
1,92;14,79;0,31;5,93;5,42;47,49
2,19;14,77;0,31;5,86;5,26;47,36
2,10;14,98;0,26;5,82;5,23;47,53
2,11;14,86;0,44;5,05;5,36;46,93
2,01;14,86;0,34;5,19;5,54;47,01
2,09;14,88;0,26;5,28;5,49;46,65
1,96;14,97;0,26;5,29;5,50;46,23
2,00;15,03;0,18;5,40;5,14;46,02
1,92;14,93;0,18;5,42;5,11;46,03
2,00;14,93;0,18;5,47;5,22;45,73
2,00;14,51;0,23;5,34;5,31;45,35
2,04;14,57;0,18;5,34;5,38;45,39
1,96;14,34;0,18;5,29;5,38;45,14
1,96;13,88;0,25;5,33;5,38;44,76
2,04;13,98;0,18;5,33;5,34;44,46
1,92;13,90;0,18;5,28;5,11;44,16
1,92;13,47;0,18;5,31;5,26;43,53
1,58;13,95;0,23;5,27;4,73;43,08
1,51;14,01;0,26;4,96;4,49;42,59
1,46;13,94;0,32;4,83;4,48;42,15
1,52;13,68;0,26;4,92;4,34;41,65
1,57;13,56;0,26;4,78;4,29;41,39
1,57;13,35;0,26;4,95;4,37;41,34
1,73;13,19;0,32;4,89;4,18;41,31
1,67;13,09;0,32;4,83;4,15;41,03
1,60;12,92;0,32;4,76;4,13;40,83
1,55;12,76;0,37;4,74;4,01;40,48
1,56;12,82;0,37;4,82;3,88;40,27
1,59;12,97;0,37;4,77;3,82;40,53
1,59;12,96;0,37;4,93;3,86;40,47
1,70;13,13;0,50;4,10;3,88;40,26
1,56;12,86;0,58;3,72;3,87;39,64
1,62;12,80;0,58;3,58;3,85;39,61
1,62;12,48;0,58;3,48;4,01;39,10
1,62;12,47;0,58;3,50;3,76;38,70
1,67;12,20;0,53;3,59;3,82;38,39
1,62;11,43;0,48;3,90;3,88;37,55
1,57;11,30;0,48;3,75;3,98;37,49
1,52;11,25;0,48;3,72;3,89;36,97
1,57;11,09;0,43;3,67;3,81;36,82
1,51;10,88;0,43;3,46;3,91;36,48
1,51;10,84;0,43;3,46;3,87;36,34
1,51;10,27;0,43;3,48;3,79;35,81
1,51;9,97;0,42;3,48;3,80;35,57
1,44;10,06;0,42;3,48;3,74;35,35
1,51;10,35;0,42;3,48;3,74;35,45
1,35;10,24;0,48;3,27;3,66;35,03
1,32;10,15;0,40;3,14;3,63;34,71
1,24;10,16;0,40;3,00;3,52;34,45
1,17;10,27;0,34;3,00;3,52;34,09
1,17;10,22;0,34;3,00;3,51;33,87
1,25;10,31;0,34;2,91;3,46;33,84
1,31;10,31;0,34;2,91;3,46;33,71
1,40;10,15;0,26;2,91;3,46;33,40
1,40;10,26;0,26;2,67;3,34;33,41
1,40;9,91;0,26;2,62;3,35;32,93
1,40;10,08;0,26;2,34;3,34;32,80
1,33;10,07;0,26;2,29;3,48;32,91
1,33;10,10;0,26;2,35;3,43;32,77
1,29;10,07;0,31;2,39;3,40;32,60
1,29;9,96;0,31;2,45;3,33;32,41
1,29;10,30;0,23;2,45;3,34;32,41
1,29;9,81;0,31;2,37;3,40;31,96
1,17;9,75;0,41;2,38;3,31;31,88
1,25;9,55;0,36;2,32;3,31;31,51
1,19;9,45;0,31;2,37;3,32;31,46
1,19;9,36;0,31;2,40;3,31;31,05
1,19;9,50;0,31;2,32;3,37;30,94
1,26;9,55;0,23;2,33;3,37;30,94
1,26;9,37;0,23;2,33;3,29;30,83
1,26;9,50;0,23;2,20;3,21;30,67
1,31;9,81;0,28;1,73;3,25;30,47
1,36;9,72;0,17;1,79;3,25;30,12
1,31;9,35;0,23;1,79;3,20;29,81
1,31;9,47;0,23;1,79;3,12;29,98
1,24;9,52;0,23;1,76;3,12;29,79
1,31;9,43;0,23;1,62;3,08;29,71
1,34;9,54;0,23;1,41;3,09;29,21
1,30;8,83;0,23;1,36;3,00;28,26
1,30;8,69;0,23;1,36;3,01;27,93
1,29;8,34;0,23;1,36;3,03;27,53
1,27;8,14;0,23;1,41;3,07;27,35
1,30;7,90;0,23;1,34;2,99;26,76
1,31;7,83;0,17;1,34;3,07;26,63
1,31;7,70;0,13;1,28;2,96;26,42
1,32;7,53;0,18;1,20;3,00;26,17
1,37;7,43;0,18;1,20;3,01;26,01
1,37;7,37;0,18;1,20;3,08;25,87
1,33;7,21;0,13;1,20;3,11;25,51
1,27;7,20;0,08;1,20;3,10;25,49
1,19;7,26;0,08;1,14;3,10;25,02
1,08;7,36;0,13;1,14;2,94;24,90
1,13;7,38;0,13;1,09;2,84;24,85
1,24;7,47;0,13;1,09;2,44;24,81
1,11;7,41;0,13;1,09;2,34;24,64
0,99;7,36;0,13;1,09;2,43;24,51
0,93;7,17;0,13;1,09;2,49;24,25
0,99;6,88;0,08;1,01;2,87;23,96
0,92;6,89;0,08;0,93;2,91;23,85
0,99;6,79;0,08;0,93;2,84;23,74
0,99;6,63;0,08;0,93;2,66;23,58
0,99;6,58;0,15;0,93;2,52;23,43
0,88;6,57;0,15;0,93;2,57;23,50
0,95;6,37;0,08;0,93;2,54;23,11
0,92;6,37;0,08;0,93;2,73;23,16
0,97;6,37;0,08;0,93;2,68;23,17
0,92;6,32;0,08;0,93;2,69;22,97
0,74;6,51;0,16;0,93;2,46;22,68
0,74;6,59;0,08;0,85;2,51;22,71
0,74;6,53;0,16;0,85;2,46;22,65
0,66;6,51;0,16;0,85;2,41;22,59
0,71;6,22;0,16;0,85;2,46;22,27
0,71;6,20;0,16;0,85;2,43;21,92
0,74;6,21;0,16;0,85;2,49;21,93
0,74;6,09;0,16;0,85;2,44;21,85
0,79;6,03;0,16;0,85;2,39;21,75
0,82;6,13;0,16;0,85;2,23;21,57
0,74;6,25;0,16;0,85;2,23;21,62
0,66;6,29;0,16;0,85;2,11;21,53
0,66;6,18;0,16;0,85;2,02;21,21
0,66;6,03;0,16;0,85;2,04;21,12
0,66;5,98;0,16;0,85;2,06;21,10
0,74;5,75;0,16;0,85;2,06;20,95
0,81;5,65;0,21;0,85;2,01;21,05
0,86;5,66;0,21;0,85;1,98;20,78
0,86;5,58;0,28;0,85;2,06;20,79
0,86;5,54;0,23;0,85;2,06;20,69
0,92;5,45;0,23;0,85;2,13;20,27
0,92;5,29;0,31;1,03;2,16;20,19
0,97;5,35;0,23;0,98;2,16;20,07
1,02;5,39;0,23;0,85;2,00;20,02
1,03;5,25;0,23;0,85;1,91;19,55
0,94;5,30;0,28;0,85;1,82;19,52
1,03;5,32;0,29;0,85;1,82;19,60
1,03;5,32;0,21;0,77;1,82;19,39
1,03;5,33;0,21;0,77;1,77;19,19
1,03;5,28;0,21;0,85;1,77;19,61
0,95;5,28;0,21;0,80;1,74;19,61
0,87;5,16;0,16;0,80;1,67;19,55
0,87;5,15;0,16;0,80;1,67;19,25
0,87;5,08;0,21;0,80;1,62;19,06
0,92;5,08;0,21;0,80;1,62;19,11
0,92;5,21;0,21;0,80;1,49;18,90
0,87;5,16;0,21;0,80;1,49;18,81
0,87;5,16;0,21;0,80;1,43;18,73
0,92;5,16;0,21;0,80;1,43;18,86
0,83;5,06;0,21;0,80;1,48;18,58
0,66;5,07;0,26;0,80;1,48;18,34
0,66;5,01;0,31;0,80;1,48;18,23
0,71;4,86;0,21;0,80;1,53;17,96
0,63;4,81;0,21;0,80;1,53;17,84
0,64;4,90;0,21;0,80;1,53;17,88
0,64;4,90;0,21;0,68;1,60;17,81
0,64;4,85;0,21;0,68;1,59;17,64
0,64;4,70;0,21;0,68;1,70;17,60
0,64;4,70;0,21;0,68;1,70;17,42
0,64;4,83;0,21;0,68;1,62;17,34
0,64;4,96;0,21;0,68;1,45;17,25
0,64;5,02;0,21;0,68;1,40;17,16
0,64;5,02;0,21;0,68;1,46;17,09
0,64;5,17;0,21;0,68;1,48;17,17
0,58;5,03;0,21;0,68;1,41;17,02
0,58;4,85;0,21;0,68;1,41;17,00
0,66;4,63;0,21;0,74;1,41;16,84
0,72;4,57;0,21;0,74;1,43;16,78
0,72;4,60;0,21;0,74;1,38;16,71
0,66;4,47;0,21;0,74;1,38;16,72
0,66;4,47;0,21;0,74;1,33;16,74
0,58;4,47;0,21;0,70;1,42;16,64
0,58;4,55;0,21;0,62;1,42;16,65
0,53;4,55;0,21;0,62;1,47;16,60
0,53;4,55;0,16;0,62;1,47;16,59
0,48;4,60;0,16;0,62;1,47;16,53
0,48;4,53;0,16;0,62;1,47;16,50
0,54;4,62;0,16;0,62;1,46;16,56
0,54;4,51;0,16;0,62;1,46;16,35
0,54;4,51;0,16;0,62;1,46;16,35
0,54;4,54;0,16;0,62;1,46;16,39
0,49;4,54;0,16;0,62;1,37;16,26
0,42;4,60;0,16;0,62;1,37;16,14
0,48;4,49;0,16;0,62;1,31;15,97
0,37;4,49;0,16;0,62;1,36;15,80
0,37;4,43;0,16;0,62;1,28;15,70
0,37;4,54;0,16;0,62;1,23;15,65
0,37;4,49;0,16;0,62;1,23;15,63
0,37;4,38;0,21;0,62;1,28;15,59
0,42;4,53;0,21;0,62;1,33;15,52
0,42;4,58;0,16;0,62;1,33;15,60
0,42;4,46;0,16;0,62;1,38;15,36
0,37;4,38;0,21;0,62;1,38;15,28
0,37;4,44;0,21;0,62;1,43;15,43
0,37;4,30;0,21;0,62;1,43;15,26
0,29;4,43;0,21;0,62;1,43;15,13
0,37;4,48;0,21;0,62;1,36;15,03
0,42;4,43;0,21;0,62;1,31;15,03
0,42;4,43;0,21;0,62;1,31;14,90
0,34;4,52;0,21;0,62;1,26;14,78
0,34;4,39;0,21;0,58;1,29;14,98
0,34;4,44;0,21;0,58;1,29;14,96
0,34;4,48;0,21;0,58;1,29;15,08
0,34;4,48;0,21;0,58;1,29;15,01
0,34;4,39;0,21;0,58;1,34;14,91
0,29;4,34;0,21;0,58;1,34;14,81
0,34;4,29;0,21;0,58;1,26;14,69
0,29;4,34;0,21;0,58;1,26;14,59
0,29;4,28;0,21;0,58;1,26;14,22
0,29;4,28;0,21;0,58;1,26;14,34
0,34;4,28;0,16;0,58;1,26;14,29
0,34;4,09;0,16;0,58;1,26;14,18
0,42;4,09;0,16;0,58;1,34;14,12
0,37;4,14;0,16;0,58;1,34;14,01
0,44;4,14;0,16;0,58;1,34;13,97
0,44;4,23;0,16;0,58;1,26;13,84
0,44;4,23;0,16;0,58;1,26;13,73
0,44;3,87;0,16;0,52;1,18;13,27
0,44;4,05;0,16;0,52;1,26;13,39
0,44;4,11;0,16;0,52;1,26;13,51
0,44;4,03;0,16;0,52;1,26;13,56
0,50;4,03;0,16;0,52;1,26;13,53
0,59;3,97;0,16;0,52;1,26;13,48
0,59;4,10;0,16;0,52;1,26;13,53
0,57;4,05;0,16;0,52;1,26;13,66
0,57;4,05;0,16;0,52;1,26;13,51
0,57;4,05;0,16;0,52;1,26;13,44
0,57;4,05;0,16;0,52;1,26;13,51
0,57;4,05;0,16;0,52;1,40;13,60
0,52;4,08;0,16;0,52;1,40;13,50
0,52;3,89;0,16;0,52;1,35;13,33
0,47;3,99;0,16;0,52;1,28;13,25
0,47;3,94;0,16;0,52;1,33;13,40
0,47;3,94;0,16;0,52;1,33;13,32
0,47;4,00;0,16;0,52;1,38;13,26
0,47;4,00;0,16;0,52;1,43;13,20
0,47;4,00;0,16;0,52;1,43;13,16
0,47;4,00;0,16;0,52;1,43;13,08
0,47;4,08;0,16;0,52;1,38;13,27
0,47;4,13;0,16;0,52;1,35;13,10
0,47;4,07;0,16;0,52;1,35;12,99
0,47;4,17;0,16;0,52;1,18;13,10
0,45;4,17;0,16;0,52;1,00;12,96
0,45;4,20;0,16;0,52;1,13;12,90
0,45;4,20;0,16;0,52;1,13;12,85
0,45;4,20;0,16;0,52;1,13;12,82
0,45;4,25;0,16;0,52;1,08;12,82
0,45;4,17;0,16;0,52;1,08;12,71
0,45;4,23;0,16;0,52;1,08;12,75
0,40;4,23;0,16;0,52;1,08;12,76
0,40;4,23;0,16;0,52;1,08;12,76
0,32;4,17;0,16;0,52;1,08;12,77
0,32;4,17;0,16;0,52;1,08;12,73
0,32;4,20;0,16;0,52;1,08;12,80
0,32;4,20;0,16;0,52;1,08;12,67
0,32;4,20;0,16;0,52;1,08;12,67
0,32;4,29;0,16;0,45;1,08;12,67
0,32;4,24;0,16;0,45;1,00;12,48
0,32;4,21;0,16;0,45;1,08;12,54
0,40;4,15;0,16;0,45;1,08;12,48
0,40;4,20;0,16;0,39;1,03;12,48
0,40;4,26;0,16;0,39;1,03;12,53
0,40;4,14;0,16;0,39;1,03;12,60
0,40;4,14;0,16;0,39;1,03;12,60
0,40;4,12;0,16;0,34;1,03;12,49
0,40;4,12;0,16;0,34;1,03;12,43
0,40;4,18;0,16;0,34;1,03;12,40
0,40;4,23;0,16;0,34;1,03;12,40
0,44;4,29;0,16;0,34;1,08;12,32
0,44;4,18;0,16;0,34;1,08;12,20
0,57;4,24;0,16;0,34;1,08;12,34
0,57;4,18;0,16;0,34;1,08;12,39
0,57;4,18;0,16;0,34;1,08;12,39
0,74;4,18;0,16;0,34;1,03;12,33
0,90;4,01;0,16;0,34;1,03;12,25
0,90;4,10;0,16;0,34;1,08;12,05
0,78;4,18;0,16;0,34;1,08;12,21
0,58;4,10;0,16;0,34;1,08;12,21
0,64;4,05;0,16;0,34;1,01;12,14
0,64;4,05;0,16;0,34;1,01;12,04
0,67;4,11;0,16;0,34;1,01;12,03
0,67;4,26;0,16;0,34;0,92;12,05
0,62;4,30;0,16;0,34;0,92;12,23
0,68;4,30;0,16;0,34;0,92;12,16
0,68;4,22;0,16;0,34;0,98;12,07
0,56;4,38;0,16;0,34;0,98;12,16
0,61;4,48;0,16;0,34;1,04;12,29
0,61;4,48;0,16;0,34;1,04;12,12
0,61;4,56;0,16;0,34;1,04;12,13
0,61;4,75;0,16;0,34;1,00;12,42
0,61;4,66;0,19;0,34;1,00;12,31
0,61;4,62;0,19;0,34;1,00;12,27
0,67;4,66;0,19;0,34;1,00;12,34
0,67;4,70;0,19;0,34;1,00;12,47
0,67;4,64;0,19;0,34;1,00;12,47
0,71;4,89;0,16;0,34;1,00;12,39
0,71;4,97;0,16;0,34;0,87;12,47
0,71;5,06;0,16;0,34;0,79;12,53
0,71;4,91;0,16;0,34;0,92;12,46
0,71;4,97;0,16;0,34;0,92;12,56
0,78;4,91;0,16;0,26;0,92;12,37
0,78;4,91;0,16;0,26;0,92;12,39
0,78;4,91;0,16;0,26;0,86;12,39
0,71;4,90;0,16;0,26;0,92;12,48
0,71;4,79;0,16;0,26;0,92;12,41
0,63;4,92;0,16;0,26;0,92;12,53
0,72;4,77;0,16;0,26;0,92;12,45
0,80;4,69;0,16;0,26;0,97;12,52
0,80;4,69;0,16;0,26;0,90;12,30
0,73;4,75;0,16;0,26;0,98;12,49
0,73;4,74;0,16;0,26;1,02;12,38
0,73;4,74;0,16;0,26;1,02;12,48
0,73;4,61;0,16;0,26;1,07;12,48
0,73;4,61;0,16;0,26;1,07;12,42
0,73;4,53;0,16;0,26;1,07;12,39
0,80;4,64;0,16;0,26;0,97;12,38
0,80;4,59;0,16;0,26;0,81;12,33
0,80;4,59;0,16;0,26;0,87;12,26
0,80;4,54;0,16;0,26;0,94;12,25
0,82;4,59;0,16;0,26;0,94;12,22
0,82;4,54;0,16;0,26;0,94;12,23
0,86;4,54;0,16;0,26;0,94;12,27
0,91;4,66;0,16;0,26;0,94;12,14
0,82;4,71;0,16;0,26;0,94;12,11
0,82;4,65;0,16;0,26;0,94;12,11
0,82;4,77;0,16;0,21;1,04;12,16
0,82;4,77;0,16;0,21;1,10;12,20
0,82;4,82;0,16;0,21;1,04;12,08
0,78;4,82;0,16;0,21;1,04;12,28
0,78;4,88;0,16;0,21;1,12;12,33
0,78;4,81;0,16;0,21;1,12;12,33
0,78;4,75;0,16;0,21;1,12;12,17
0,76;4,83;0,16;0,21;1,12;12,31
0,76;4,97;0,16;0,21;1,12;12,32
0,76;4,90;0,16;0,21;1,12;12,29
0,76;4,90;0,16;0,21;1,12;12,33
0,71;4,80;0,16;0,31;1,12;12,35
0,71;4,91;0,16;0,26;1,12;12,30
0,71;4,85;0,16;0,26;1,05;12,13
0,79;4,85;0,16;0,32;1,12;12,28
0,79;4,90;0,16;0,32;1,08;12,29
0,79;4,90;0,16;0,32;1,16;12,41
0,79;4,97;0,16;0,32;1,16;12,48
0,79;4,97;0,16;0,32;1,16;12,42
0,79;4,97;0,16;0,32;1,16;12,42
0,79;4,97;0,16;0,32;1,21;12,51
0,79;5,03;0,16;0,32;1,27;12,63
0,83;4,94;0,16;0,32;1,27;12,61
0,83;5,02;0,16;0,32;1,27;12,69
0,83;5,05;0,16;0,50;1,27;12,86
0,75;5,19;0,16;0,50;1,27;12,82
0,75;5,19;0,16;0,50;1,27;12,90
0,75;5,19;0,16;0,50;1,27;12,82
0,75;5,14;0,16;0,56;1,27;12,82
0,75;5,08;0,16;0,54;1,27;12,82
0,75;5,09;0,16;0,59;1,33;12,83
0,75;5,14;0,16;0,59;1,27;12,83
0,75;5,08;0,16;0,59;1,27;12,90
0,75;5,03;0,16;0,72;1,27;13,06
0,75;5,08;0,16;0,72;1,38;13,17
0,75;4,95;0,21;0,72;1,38;13,04
0,75;4,94;0,21;0,72;1,38;12,95
0,75;4,95;0,21;0,72;1,38;12,89
0,69;4,88;0,16;0,72;1,43;12,89
0,69;4,97;0,16;0,80;1,47;13,00
0,69;4,97;0,16;0,88;1,47;13,11
0,69;5,09;0,16;0,82;1,47;13,11
0,69;5,00;0,16;0,82;1,42;12,98
0,73;4,97;0,16;0,79;1,44;13,09
0,73;4,79;0,16;0,70;1,44;12,98
0,73;4,91;0,16;0,87;1,44;13,13
0,73;4,87;0,16;0,87;1,43;13,19
0,73;4,93;0,16;0,87;1,38;13,35
0,73;4,81;0,16;0,95;1,44;13,38
0,73;4,81;0,16;0,84;1,49;13,32
0,78;4,86;0,16;0,79;1,55;13,38
0,74;4,86;0,16;0,74;1,75;13,37
0,64;4,92;0,16;0,74;1,67;13,36
0,72;5,06;0,16;0,79;1,57;13,52
0,77;5,06;0,16;0,85;1,56;13,62
0,77;5,01;0,16;0,93;1,56;13,80
0,73;5,34;0,16;0,94;1,56;14,08
0,73;5,49;0,16;1,07;1,52;14,28
0,73;5,52;0,16;1,07;1,57;14,35
0,73;5,53;0,16;1,18;1,46;14,48
0,73;5,58;0,16;1,26;1,46;14,59
0,73;5,81;0,16;1,08;1,46;14,72
0,73;5,94;0,16;0,88;1,52;14,83
0,73;6,02;0,16;0,93;1,52;14,91
0,73;6,04;0,16;1,03;1,46;15,07
0,73;6,15;0,16;1,03;1,42;15,14
0,73;6,16;0,16;1,03;1,52;15,32
0,73;6,22;0,16;0,98;1,59;15,38
0,73;6,39;0,20;0,90;1,54;15,43

