[  PERIODOS BÁSICOS  ] (Total Domicílios|Grande Recife|30/05/2022|Live|Rat%|All)
0,00;8,33;0,00;0,29;0,18;10,52
0,00;8,33;0,00;0,29;0,18;10,52
0,00;8,71;0,00;0,00;0,46;10,90
0,00;8,71;0,00;0,00;0,46;10,90
0,00;8,71;0,00;0,00;0,46;10,90
0,00;8,71;0,00;0,00;0,46;10,90
0,00;8,71;0,00;0,00;0,46;10,90
0,00;8,71;0,00;0,00;0,46;10,68
0,00;8,71;0,00;0,00;0,46;10,90
0,00;9,05;0,00;0,00;0,46;11,25
0,00;9,51;0,00;0,00;0,46;11,70
0,00;9,93;0,00;0,00;0,46;12,13
0,00;10,27;0,00;0,00;0,68;12,68
0,00;10,27;0,00;0,00;0,68;12,68
0,00;10,46;0,00;0,00;0,68;12,86
0,00;10,46;0,00;0,00;1,02;13,21
0,00;10,26;0,00;0,00;1,02;13,01
0,00;10,26;0,00;0,00;1,02;13,01
0,00;10,26;0,00;0,00;1,02;13,01
0,00;10,26;0,00;0,00;1,02;13,43
0,00;10,26;0,00;0,00;1,02;13,43
0,00;10,19;0,00;0,00;1,02;13,36
0,00;10,19;0,00;0,00;1,02;13,36
0,00;10,56;0,00;0,00;1,02;13,73
0,00;10,16;0,00;0,00;1,42;13,73
0,00;9,82;0,00;0,00;1,42;13,71
0,00;10,20;0,00;0,00;1,76;14,43
0,00;10,86;0,00;0,00;1,76;15,10
0,00;10,98;0,00;0,68;1,48;15,46
0,00;11,31;0,00;0,68;1,48;15,80
0,00;11,70;0,00;0,40;1,48;16,18
0,00;11,37;0,00;0,68;1,48;15,85
0,00;11,09;0,00;0,96;1,48;15,85
0,00;11,23;0,00;0,96;1,48;15,99
0,00;10,90;0,00;1,38;1,48;16,07
0,00;11,30;0,00;1,38;1,48;16,48
0,00;12,00;0,00;1,38;1,48;17,18
0,00;12,46;0,00;1,75;1,48;17,66
0,00;12,46;0,00;2,11;1,85;18,18
0,00;12,12;0,00;2,11;1,85;17,84
0,00;11,89;0,00;2,71;1,85;18,03
0,00;11,53;0,00;2,71;1,85;17,67
0,00;11,53;0,00;3,45;1,85;18,41
0,00;11,53;0,00;3,45;1,85;18,41
0,00;11,53;0,00;3,84;1,85;18,80
0,00;11,89;0,00;3,84;1,85;19,49
0,00;11,56;0,00;3,42;1,85;18,83
0,00;11,89;0,00;3,42;1,63;19,57
0,00;11,56;0,00;3,42;1,63;18,83
0,00;11,62;0,00;3,88;1,63;19,13
0,00;11,80;0,00;3,88;2,00;19,69
0,00;11,80;0,00;3,88;1,83;19,66
0,00;12,18;0,00;3,88;2,17;20,38
0,00;11,85;0,00;4,22;1,83;20,05
0,00;11,85;0,00;4,22;1,83;20,05
0,00;11,37;0,00;4,22;1,83;19,19
0,00;11,09;0,00;4,97;1,46;19,71
0,00;11,09;0,00;4,97;1,46;19,71
0,00;11,05;0,00;5,34;1,46;20,04
0,00;11,58;0,00;5,37;1,87;21,00
0,00;11,98;0,00;5,37;1,87;21,40
0,00;12,39;0,00;5,37;1,87;21,81
0,00;12,39;0,00;5,37;1,87;21,81
0,00;12,06;0,00;5,37;1,87;21,47
0,00;12,06;0,00;5,37;1,87;21,47
0,00;12,57;0,00;5,37;1,87;21,99
0,00;13,29;0,00;5,37;1,87;22,32
0,00;12,95;0,00;5,59;2,21;22,55
0,00;13,75;0,00;4,78;2,21;22,55
0,00;13,37;0,00;4,78;2,21;22,13
0,00;13,37;0,00;4,78;2,21;22,13
0,00;13,67;0,00;4,40;2,21;22,08
0,00;13,67;0,00;4,40;2,21;22,08
0,00;12,24;0,00;4,86;2,21;21,53
0,00;11,92;0,00;5,57;2,21;22,26
0,00;12,66;0,00;6,02;2,21;23,07
0,00;13,06;0,00;6,02;1,80;23,07
0,00;13,39;0,22;6,01;2,20;24,01
0,00;13,17;0,00;6,37;2,42;24,52
0,00;13,17;0,00;6,59;2,20;24,52
0,00;12,77;0,00;6,21;2,60;24,14
0,00;12,36;0,00;6,21;2,60;23,74
0,00;12,77;0,00;6,21;2,60;24,14
0,00;12,98;0,00;5,99;2,60;24,14
0,00;12,37;0,00;5,99;2,60;23,53
0,00;12,99;0,00;5,99;2,26;23,81
0,00;13,70;0,00;5,99;2,26;24,14
0,00;14,76;0,00;5,99;2,67;25,20
0,00;14,88;0,00;5,24;3,43;25,32
0,00;14,95;0,00;5,60;3,43;25,77
0,00;14,85;0,00;5,60;3,43;26,05
0,00;14,85;0,00;5,60;3,43;26,05
0,00;16,23;0,00;5,60;3,43;27,09
0,00;16,23;0,00;5,60;3,43;27,09
0,00;16,61;0,00;4,85;3,43;27,29
0,00;16,99;0,00;4,48;3,43;27,67
0,00;16,99;0,00;4,85;3,43;27,67
0,00;17,35;0,00;4,88;3,04;27,67
0,00;17,35;0,00;4,88;3,04;27,67
0,00;17,35;0,00;5,34;3,04;27,67
0,00;16,79;0,00;5,90;3,04;27,67
0,00;16,76;0,00;5,90;3,04;27,64
0,00;16,76;0,00;5,53;3,04;27,64
0,00;17,17;0,00;5,53;3,04;28,38
0,00;17,17;0,00;5,31;3,26;27,76
0,00;17,17;0,00;5,31;3,26;27,76
0,00;17,50;0,00;5,09;3,26;27,88
0,00;17,12;0,00;4,76;3,26;27,55
0,00;17,46;0,00;4,76;3,26;27,88
0,00;17,86;0,00;4,43;3,59;28,28
0,00;17,49;0,00;4,80;3,60;28,28
0,00;17,83;0,00;4,80;3,26;28,28
0,00;17,47;0,00;4,80;3,28;28,28
0,00;17,39;0,00;4,80;3,70;28,94
0,00;16,96;0,00;4,80;3,70;28,89
0,00;17,34;0,00;4,34;3,70;28,43
0,00;17,34;0,00;4,56;3,48;28,43
0,00;17,34;0,00;4,56;3,48;28,43
0,00;16,58;0,00;4,56;3,48;28,04
0,00;16,92;0,00;4,56;3,48;28,04
0,00;16,92;0,00;4,17;3,86;28,74
0,00;17,26;0,00;4,17;3,86;28,74
0,00;17,26;0,00;4,17;3,86;28,74
0,00;17,26;0,00;4,17;3,86;28,74
0,00;17,29;0,00;4,17;3,86;28,74
0,00;16,94;0,00;4,17;3,86;28,38
0,00;16,92;0,00;4,17;4,21;28,00
0,00;16,26;0,00;4,56;4,21;28,00
0,00;15,92;0,00;4,93;4,63;28,45
0,00;15,92;0,00;4,71;4,63;28,23
0,00;15,92;0,00;5,10;4,63;28,62
0,00;15,72;0,00;5,29;4,21;28,19
0,00;15,72;0,00;5,29;4,21;28,19
0,00;16,44;0,00;5,29;3,86;28,57
0,00;16,04;0,00;5,75;3,86;29,01
0,00;16,07;0,00;5,75;3,46;29,01
0,37;15,97;0,00;5,01;3,46;28,62
0,82;15,63;0,00;4,55;3,06;27,89
0,82;15,63;0,00;4,55;3,06;27,89
0,82;15,61;0,00;4,55;3,06;27,49
0,82;15,67;0,00;4,55;3,45;28,31
0,00;16,15;0,00;5,01;3,45;28,66
0,00;15,36;0,00;5,39;3,03;27,83
0,00;15,36;0,00;5,39;3,45;28,59
0,00;15,82;0,00;4,94;3,45;28,59
0,00;15,82;0,00;4,94;3,45;28,59
0,00;15,82;0,00;4,94;3,06;28,62
0,00;15,54;0,00;5,22;3,06;28,21
0,00;14,91;0,00;5,22;3,06;27,92
0,00;15,01;0,00;5,22;3,06;28,39
0,00;14,55;0,00;5,67;3,06;28,39
0,00;14,04;0,00;6,40;2,32;27,50
0,00;14,43;0,00;6,79;2,32;28,28
0,00;14,81;0,00;6,79;2,32;28,65
0,00;14,38;0,00;6,79;2,32;28,21
0,00;14,38;0,00;7,18;1,94;28,21
0,00;14,26;0,00;6,36;1,52;27,79
0,00;14,64;0,00;5,70;1,80;27,79
0,00;15,35;0,00;5,70;2,14;28,83
0,00;14,44;0,00;4,93;2,52;28,09
0,00;15,21;0,00;5,32;2,14;28,86
0,00;15,14;0,00;5,32;1,86;28,49
0,00;15,14;0,00;5,32;1,86;28,86
0,00;15,14;0,00;5,32;1,86;29,19
0,00;14,74;0,00;5,32;1,86;28,45
0,00;15,14;0,00;5,32;1,86;28,86
0,00;14,75;0,00;5,26;1,52;28,08
0,00;14,75;0,00;5,26;1,52;28,08
0,00;15,35;0,00;5,73;1,52;29,52
0,00;15,00;0,00;5,73;1,29;29,71
0,00;13,79;0,00;5,73;2,49;30,09
0,00;13,34;0,00;5,73;2,89;30,90
0,00;13,34;0,00;6,51;2,44;30,90
0,00;13,34;0,00;6,51;2,44;30,90
0,00;12,58;0,00;6,55;2,44;29,78
0,00;13,66;0,00;5,74;2,89;30,12
0,00;14,09;0,00;5,33;2,89;29,72
0,00;14,09;0,00;5,33;2,89;29,72
0,00;13,41;0,00;5,67;2,89;29,38
0,00;13,41;0,00;5,67;2,89;29,38
0,00;13,23;0,00;5,67;2,89;29,19
0,00;13,59;0,00;5,70;2,52;29,60
0,00;13,54;0,00;5,70;2,52;29,55
0,00;13,60;0,00;6,38;2,47;30,23
0,00;13,60;0,00;6,38;2,47;30,23
0,00;13,24;0,00;6,74;2,47;30,23
0,00;13,62;0,00;6,74;2,47;30,56
0,00;13,28;0,00;6,74;2,47;30,23
0,00;13,62;0,00;6,74;2,47;30,23
0,00;13,24;0,00;6,74;2,47;30,23
0,00;12,83;0,00;6,74;2,47;30,23
0,00;13,04;0,00;6,52;2,47;30,59
0,00;13,11;0,00;7,22;2,47;31,35
0,00;13,49;0,00;7,22;2,87;31,35
0,00;13,16;0,00;6,84;2,47;31,35
0,00;13,54;0,00;6,84;2,47;31,35
0,00;13,54;0,00;6,50;2,47;30,63
0,00;13,54;0,00;6,83;2,47;31,30
0,34;13,53;0,00;6,86;2,47;31,70
0,34;12,39;0,00;6,86;2,48;30,54
0,34;12,39;0,00;7,19;2,48;30,87
0,34;12,74;0,00;7,19;2,13;31,21
0,00;13,08;0,00;7,19;2,13;31,21
0,34;13,42;0,00;7,53;2,13;31,54
0,34;13,76;0,00;7,19;2,13;31,94
0,34;13,24;0,00;8,05;2,50;32,64
0,34;13,70;0,00;8,05;2,50;32,72
0,34;13,70;0,00;8,05;2,50;33,10
0,34;13,43;0,00;7,71;2,50;33,20
0,00;13,43;0,00;7,71;2,50;32,86
0,00;13,01;0,00;9,54;2,13;33,89
0,00;13,00;0,00;9,26;1,94;34,11
0,00;12,63;0,34;9,63;1,92;34,44
0,00;12,62;0,34;9,26;2,32;35,17
0,00;11,50;0,75;10,05;2,26;35,17
0,00;10,74;0,75;11,21;1,85;35,17
0,00;10,32;0,75;11,29;2,60;35,17
0,40;10,66;0,75;10,96;2,60;35,57
0,40;10,66;0,75;10,63;3,34;35,97
0,40;10,66;0,75;9,87;3,00;36,16
0,00;10,66;0,75;10,64;3,00;36,49
0,00;10,37;0,75;10,64;3,41;37,34
0,00;10,37;0,75;10,64;3,41;37,23
0,00;10,09;0,34;10,64;3,81;36,95
0,00;10,09;0,34;10,64;3,81;36,87
0,00;9,74;0,34;10,26;3,81;36,23
0,38;9,27;0,34;10,26;3,47;36,46
0,38;9,27;0,00;9,89;3,47;36,32
0,38;9,27;0,00;9,89;3,47;36,32
0,38;9,27;0,00;9,99;3,80;36,73
0,00;9,60;0,00;9,99;3,47;36,73
0,00;9,27;0,00;9,13;3,47;35,88
0,00;9,66;0,00;9,05;3,47;36,76
0,00;9,52;0,00;9,05;3,47;36,85
0,00;9,52;0,00;9,05;3,47;37,48
0,00;9,52;0,00;9,05;3,47;37,66
0,00;9,13;0,00;9,05;3,47;37,66
0,00;9,13;0,00;9,05;3,47;37,48
0,00;9,13;0,00;9,05;3,47;35,98
0,00;9,13;0,00;9,05;3,47;37,15
0,00;9,13;0,00;8,68;3,87;37,48
0,00;9,55;0,34;7,87;3,45;37,37
0,00;10,08;0,34;8,25;3,45;37,90
0,00;10,08;0,75;9,18;3,05;37,90
0,00;9,75;1,08;9,18;3,05;37,37
0,00;9,68;1,08;8,80;3,40;37,75
0,00;10,58;1,08;8,80;3,40;37,94
0,00;10,58;1,08;8,80;3,40;37,75
0,00;10,15;1,08;8,80;3,74;37,85
0,00;9,83;0,68;8,34;4,19;36,94
0,00;10,17;1,08;8,32;3,85;37,14
0,00;10,17;1,08;8,32;2,66;36,08
0,00;10,17;1,08;8,70;2,33;36,46
0,00;10,17;1,08;8,34;2,69;36,09
0,00;10,59;1,08;8,70;2,27;36,88
0,00;10,77;1,08;9,12;1,89;37,46
0,00;10,59;1,08;9,12;1,89;37,46
0,00;10,59;1,08;9,12;1,89;37,46
0,00;9,45;1,08;8,55;1,89;36,66
0,00;9,45;1,08;8,55;1,89;36,31
0,00;9,45;1,08;8,55;2,31;36,66
0,00;9,45;1,08;8,16;2,31;36,66
0,00;9,45;1,08;8,16;2,31;36,66
0,00;9,60;1,08;8,16;2,31;36,27
0,00;9,71;1,08;8,16;2,31;36,56
0,00;9,71;1,08;8,16;2,31;36,22
0,00;9,71;1,08;8,55;2,31;36,56
0,00;9,71;1,08;8,55;2,31;36,90
0,00;9,71;1,08;8,15;2,31;37,36
0,00;9,71;1,08;8,15;2,31;37,36
0,00;9,71;1,08;8,15;2,31;37,73
0,00;9,71;1,08;8,15;2,31;36,55
0,00;9,71;1,08;8,15;2,31;37,28
0,00;9,39;1,08;8,15;2,31;36,96
0,00;9,01;1,08;8,15;2,31;36,58
0,00;9,71;1,08;7,72;2,31;36,15
0,00;10,05;1,08;7,02;2,31;35,37
0,00;10,05;1,08;7,02;2,31;34,86
0,00;10,05;1,08;6,92;2,72;35,63
0,00;10,05;1,08;6,92;2,72;35,63
0,00;10,51;1,08;6,51;2,72;35,23
0,00;10,14;1,50;6,53;2,31;34,87
0,00;9,86;1,50;6,53;2,31;34,98
0,00;9,86;1,50;6,10;2,31;34,98
0,00;10,18;1,50;6,10;2,31;35,64
0,00;10,52;1,50;6,10;2,31;35,64
0,00;10,88;1,50;5,74;2,31;35,64
0,00;9,58;1,50;6,89;2,31;36,38
0,00;9,80;1,50;6,67;2,31;36,04
0,00;9,80;1,08;7,08;2,31;35,66
0,00;10,18;1,08;7,08;2,31;35,99
0,00;10,18;1,08;7,08;2,31;35,99
0,00;10,54;1,08;7,08;2,27;35,76
0,00;10,57;1,08;7,06;2,61;35,59
0,00;10,57;1,08;7,46;2,61;36,37
0,00;10,57;1,08;7,46;2,61;36,71
0,00;10,57;1,08;7,46;2,61;37,12
0,00;10,57;1,08;7,46;2,61;36,79
0,00;10,57;1,08;7,03;2,25;36,07
0,00;10,57;1,08;7,03;2,25;34,61
0,00;11,07;1,08;7,03;2,47;35,66
0,00;11,07;1,08;7,03;2,47;36,24
0,40;11,49;1,08;6,99;2,47;36,33
0,40;11,49;1,08;6,99;2,47;37,03
0,40;11,49;1,08;6,99;2,47;36,23
0,40;11,51;1,08;6,99;2,47;35,86
0,81;11,51;1,08;6,99;2,47;36,73
0,81;11,13;1,08;6,99;2,47;36,73
0,81;10,75;1,48;6,88;2,47;37,80
0,81;11,10;1,48;6,79;2,47;38,26
0,81;11,52;1,48;6,37;2,47;38,46
0,81;11,52;1,48;6,37;2,47;38,04
0,81;11,52;1,48;6,37;2,47;38,41
0,81;11,52;1,48;6,01;2,81;38,38
0,81;11,16;1,48;6,82;2,81;38,43
0,81;10,75;1,48;7,23;2,81;38,07
0,81;10,38;1,48;7,60;2,81;38,05
0,81;10,83;1,48;8,00;2,81;38,89
0,40;10,83;1,48;7,63;2,81;38,11
0,81;11,50;1,48;7,63;2,81;38,47
0,81;11,14;1,48;7,63;3,17;38,86
0,81;11,14;1,48;7,63;3,17;38,49
0,81;11,14;1,48;7,63;3,34;38,86
0,81;11,14;1,48;7,63;3,74;38,86
0,81;11,15;1,48;7,63;4,50;38,92
0,81;11,15;1,48;7,63;4,50;38,92
0,81;10,99;1,48;8,01;4,50;39,14
0,81;10,99;1,48;8,01;4,50;39,50
0,81;10,99;1,48;8,01;4,50;39,09
0,81;10,99;1,48;8,01;4,50;39,14
0,81;10,99;1,48;8,38;4,50;39,51
1,21;11,35;1,48;8,38;4,14;40,27
1,21;11,35;1,48;8,38;4,14;40,27
1,21;11,00;1,48;8,45;4,14;39,63
1,21;11,00;1,48;8,79;4,14;40,00
1,53;10,62;1,48;9,17;3,42;39,25
1,53;10,62;1,48;9,17;3,42;39,62
1,53;10,96;1,48;9,69;3,71;40,05
1,53;10,44;1,48;9,69;4,39;39,44
1,53;10,44;1,07;9,22;4,05;38,65
1,53;9,57;0,74;9,56;4,05;39,38
1,21;9,89;0,40;9,90;4,05;38,86
1,21;10,76;0,40;9,90;4,05;39,63
1,21;10,40;0,40;9,90;4,79;40,54
1,21;11,28;0,40;9,11;4,44;40,26
1,21;11,69;0,40;9,11;4,79;40,49
1,21;11,69;0,40;9,85;4,79;41,61
1,21;11,69;0,40;9,85;4,79;41,28
1,21;11,30;0,74;10,23;4,44;41,58
1,21;11,68;0,74;9,87;4,44;40,65
1,21;11,68;0,74;9,10;4,83;41,02
1,21;12,49;0,74;8,19;4,83;41,30
1,21;12,96;0,40;7,78;4,44;40,24
1,94;12,63;0,00;8,32;4,44;40,05
1,94;12,24;0,00;7,90;4,44;40,02
1,94;12,61;0,00;8,30;4,05;40,49
1,94;13,03;0,00;7,90;4,37;40,84
1,94;13,02;0,00;7,90;4,44;41,94
1,94;13,39;0,00;8,28;3,67;41,92
1,94;14,45;0,00;7,52;4,05;42,99
0,73;15,20;0,00;7,92;4,09;42,57
0,73;15,50;0,00;8,32;4,09;42,46
0,73;15,25;0,00;8,32;4,09;42,97
0,73;16,71;0,00;8,32;3,81;43,79
1,13;17,10;0,00;7,93;4,20;44,97
1,13;17,10;0,00;7,55;4,20;44,57
1,13;17,38;0,00;7,55;4,53;45,59
1,13;17,38;0,00;7,55;4,53;45,07
1,13;17,38;0,00;7,55;4,20;45,07
1,25;16,71;0,00;8,23;4,53;45,54
1,25;16,80;0,00;8,23;4,53;45,18
1,65;16,80;0,00;8,23;4,53;46,25
1,65;16,65;0,00;8,23;4,53;46,25
1,65;17,08;0,00;8,23;4,15;46,30
1,65;17,47;0,00;8,31;3,77;46,72
1,65;17,08;0,00;7,97;3,77;45,97
1,65;17,08;0,00;8,30;3,77;46,63
1,65;16,74;0,00;8,68;3,77;46,63
1,65;16,74;0,00;8,10;4,11;46,63
1,65;17,08;0,00;8,10;4,54;46,99
1,25;17,42;0,00;8,08;4,19;46,19
1,65;17,42;0,00;8,46;4,19;46,60
1,65;17,85;0,00;8,04;4,19;47,86
1,65;17,85;0,00;8,04;4,19;47,86
1,65;17,85;0,00;8,04;4,19;47,32
1,65;17,85;0,00;8,04;4,19;47,56
1,65;17,85;0,00;8,04;4,55;47,73
1,65;18,26;0,00;8,04;4,55;48,66
1,65;18,26;0,00;8,41;4,73;49,39
1,25;18,18;0,00;8,28;4,91;48,13
1,65;18,18;0,00;8,68;4,91;48,92
1,65;18,18;0,00;9,06;4,58;48,92
1,65;18,18;0,00;9,06;4,58;48,92
1,65;18,18;0,00;9,06;4,58;48,92
1,65;18,18;0,00;8,26;4,58;48,56
1,65;18,58;0,00;8,35;4,91;49,58
1,65;19,03;0,00;8,35;4,91;50,69
1,65;19,03;0,00;8,35;4,56;50,05
1,25;19,44;0,00;8,35;4,56;50,05
1,25;19,44;0,00;8,76;4,53;50,05
1,25;19,44;0,36;8,76;4,53;50,22
1,25;20,32;0,36;8,76;4,53;50,93
1,25;19,96;0,65;8,76;4,53;50,56
1,25;19,96;0,65;9,19;4,53;50,56
1,25;19,88;0,65;8,79;4,92;50,80
1,25;19,88;0,36;8,79;4,92;50,82
1,60;19,88;0,36;8,79;4,57;50,82
1,60;19,89;0,00;9,19;4,53;50,86
1,60;19,89;0,00;9,19;4,53;50,86
1,95;19,90;0,00;9,19;4,20;50,20
1,60;20,08;0,00;9,19;4,20;50,03
1,60;19,32;0,00;9,56;4,71;50,16
1,60;19,71;0,00;8,79;5,11;49,72
1,93;19,76;0,00;8,82;5,11;50,18
1,60;18,99;0,00;8,82;5,79;50,33
1,60;19,38;0,00;8,82;5,79;50,90
1,60;18,92;0,00;8,82;5,09;50,35
1,95;19,38;0,00;9,22;4,69;50,08
1,21;19,77;0,00;9,22;5,04;50,08
1,21;19,77;0,00;9,22;5,04;50,49
1,21;19,63;0,00;9,58;5,04;50,71
1,21;19,63;0,00;9,21;4,69;50,35
1,21;19,63;0,00;8,82;5,09;50,71
1,21;19,10;0,00;9,73;5,09;50,71
1,21;18,74;0,00;10,13;5,09;49,85
1,21;18,74;0,00;9,75;5,09;49,80
1,21;19,16;0,00;9,00;5,09;50,23
1,21;19,21;0,00;9,10;4,91;49,88
1,21;18,69;0,00;8,69;5,76;48,70
1,21;18,69;0,00;8,51;5,94;48,16
1,21;18,24;0,00;8,98;5,94;48,53
1,21;18,19;0,00;8,95;6,32;48,49
1,21;18,19;0,00;8,95;6,32;48,85
1,21;18,53;0,00;8,95;6,32;49,19
1,57;18,53;0,00;8,58;6,32;49,65
1,57;19,02;0,00;7,59;6,32;48,73
1,57;18,24;0,00;7,57;6,32;48,12
1,57;18,24;0,00;7,57;6,34;48,13
1,57;17,68;0,00;7,57;5,98;46,84
1,21;16,97;0,00;7,65;6,34;46,86
1,21;16,39;0,00;7,65;6,76;47,42
1,21;15,53;0,00;7,25;6,76;46,61
1,21;15,53;0,00;6,78;6,80;46,55
1,21;15,53;0,00;7,25;6,46;46,21
1,21;15,89;0,00;7,25;6,80;46,36
1,21;15,89;0,00;7,25;6,80;45,99
1,60;15,23;0,00;7,54;6,72;46,04
1,60;15,23;0,00;7,91;6,72;45,25
1,60;15,23;0,00;7,91;6,72;45,53
1,60;14,56;0,00;8,30;7,06;46,34
1,60;14,62;0,00;8,71;7,06;46,63
1,60;14,62;0,00;8,71;7,06;46,08
1,21;14,62;0,00;8,71;7,06;46,88
1,21;15,27;0,00;8,43;7,06;46,88
1,21;15,61;0,00;8,43;7,06;47,23
1,21;15,93;0,00;8,44;7,06;47,61
1,21;16,32;0,00;8,18;6,65;47,72
1,21;16,66;0,00;8,54;6,31;47,81
1,21;16,66;0,00;8,54;6,31;47,81
1,73;15,79;0,00;8,54;6,31;46,96
1,73;16,46;0,00;8,54;6,31;48,21
1,73;16,46;0,00;8,16;5,90;46,82
1,73;16,46;0,00;7,70;5,90;46,36
1,73;16,46;0,00;7,27;6,32;47,34
1,73;16,48;0,00;6,06;7,12;46,96
1,73;16,13;0,00;6,05;7,52;47,37
1,73;16,13;0,00;6,05;7,52;48,16
1,73;16,13;0,00;6,05;7,52;47,83
1,73;15,77;0,00;6,05;7,52;47,47
1,73;15,77;0,00;6,05;7,20;47,06
1,73;15,22;0,00;6,05;7,55;46,86
1,73;15,28;0,00;6,05;7,55;48,01
1,73;15,28;0,00;6,05;7,55;47,62
1,73;15,28;0,00;6,05;7,55;47,20
1,73;15,28;0,00;6,05;7,17;46,82
1,73;15,28;0,00;6,05;7,17;46,24
1,73;14,77;0,00;6,43;7,17;46,13
1,73;15,11;0,00;6,43;7,17;46,22
1,73;14,75;0,00;6,43;7,17;45,49
1,73;15,11;0,00;6,05;7,17;46,04
1,73;15,11;0,00;6,05;6,75;45,80
1,73;15,21;0,00;6,05;7,12;45,82
1,73;15,21;0,00;5,65;7,53;46,28
1,73;16,05;0,00;5,65;6,81;46,13
1,73;15,33;0,00;5,65;6,81;45,20
1,73;14,08;0,00;5,65;6,81;44,52
1,73;14,15;0,00;6,05;6,41;44,52
1,73;13,45;0,00;6,34;6,41;45,25
1,73;13,57;0,00;6,34;6,41;45,01
1,73;13,04;0,00;6,34;6,41;44,29
1,73;13,04;0,00;6,34;6,41;44,12
1,73;12,66;0,00;6,34;6,41;43,92
1,73;13,39;0,00;6,34;6,77;44,57
1,73;12,82;0,00;6,34;6,83;44,23
1,73;12,82;0,00;6,34;6,83;44,23
1,73;12,82;0,00;6,34;6,83;44,42
1,73;13,52;0,00;6,34;6,83;44,42
1,73;13,68;0,00;5,97;6,83;43,97
1,73;13,46;0,00;5,97;6,83;43,35
1,73;14,16;0,00;6,75;6,43;43,52
1,73;13,82;0,00;6,75;6,43;43,52
1,73;13,47;0,00;6,32;6,43;43,11
1,73;13,09;0,00;6,32;6,43;42,30
1,73;12,76;0,00;5,94;6,04;42,39
1,38;13,36;0,00;6,30;6,04;42,65
1,38;12,98;0,00;6,30;5,46;41,74
1,38;12,78;0,00;6,50;5,80;42,28
1,38;13,48;0,00;6,14;5,80;42,94
1,38;13,09;0,00;6,14;5,80;42,94
1,38;13,09;0,00;6,14;5,80;43,22
1,19;12,73;0,00;6,14;5,61;42,19
1,19;12,77;0,00;6,33;5,61;42,16
1,19;12,39;0,00;6,33;5,61;41,80
1,19;12,74;0,00;6,33;5,98;42,90
1,19;12,35;0,00;6,67;5,98;42,89
1,19;12,19;0,00;6,48;5,98;43,03
1,19;12,59;0,00;6,84;5,61;43,03
1,19;13,32;0,00;6,08;5,19;43,14
1,19;14,00;0,00;6,08;4,77;44,75
1,19;14,35;0,00;6,36;4,77;44,66
1,19;13,62;0,00;6,36;5,16;44,28
1,19;14,69;0,00;6,00;5,16;44,99
1,19;16,30;0,00;6,09;4,76;44,81
1,19;16,32;0,00;5,91;4,59;44,99
1,19;15,04;0,00;6,82;4,59;44,99
0,85;14,69;0,00;6,82;4,59;43,98
0,85;14,28;0,00;7,16;4,21;43,58
0,85;13,68;0,00;7,16;4,21;43,66
1,25;14,52;0,00;6,46;3,86;44,03
1,25;14,52;0,00;6,46;3,86;44,03
1,25;14,89;0,00;6,09;3,86;43,69
1,25;14,58;0,00;6,09;3,86;44,52
1,25;14,17;0,00;6,09;4,62;44,64
1,25;14,52;0,00;6,09;4,62;44,64
1,25;14,88;0,00;5,73;4,62;44,38
1,25;14,55;0,00;5,35;4,62;44,04
1,25;14,91;0,00;5,35;4,62;44,02
1,25;14,91;0,00;5,73;4,62;44,15
0,85;14,91;0,00;6,12;4,62;43,50
0,85;13,95;0,00;6,12;4,62;43,48
0,85;14,35;0,00;6,12;4,62;43,88
0,85;14,35;0,00;6,12;4,62;43,69
0,85;15,49;0,00;4,98;4,98;43,69
0,85;15,86;0,00;5,36;4,98;44,06
0,85;15,15;0,00;5,36;4,98;44,07
0,85;15,65;0,00;5,36;4,98;44,57
0,85;15,65;0,00;5,36;4,98;44,57
1,21;16,01;0,00;5,36;4,62;44,74
1,21;16,01;0,00;5,00;4,62;43,96
1,21;16,58;0,00;5,00;3,51;44,38
1,21;16,87;0,00;5,00;3,51;45,03
1,21;16,87;0,00;5,00;3,00;45,06
1,21;16,87;0,00;5,00;2,66;44,52
1,21;17,29;0,00;4,62;2,66;44,95
1,21;18,06;0,00;4,62;2,66;45,37
1,21;18,46;0,00;5,00;2,60;45,35
1,21;18,46;0,00;5,17;2,60;45,27
1,21;18,54;0,00;5,17;2,60;46,22
1,21;18,54;0,00;4,79;2,60;45,24
1,50;18,94;0,00;3,76;2,94;45,09
1,14;18,58;0,00;3,76;2,94;45,07
0,85;18,40;0,29;3,76;2,94;44,73
0,85;18,00;0,29;3,76;3,35;45,25
1,25;17,97;0,29;3,40;3,35;45,25
1,25;17,57;0,29;3,22;3,35;45,25
1,25;18,68;0,29;2,67;2,63;44,29
1,25;19,07;0,29;2,67;2,63;43,62
1,25;19,07;0,29;2,31;2,63;43,26
1,25;18,68;0,29;2,31;2,63;43,96
1,25;18,68;0,29;2,31;2,63;43,44
1,25;18,65;0,29;2,31;2,24;43,82
1,25;18,65;0,29;2,31;2,24;43,46
1,25;19,46;0,29;2,31;1,84;43,46
1,25;16,71;0,29;2,71;2,66;41,40
1,25;15,12;0,64;2,71;2,66;40,99
1,25;14,43;0,92;2,71;2,66;39,33
1,25;14,15;0,92;2,33;2,66;38,61
1,25;14,55;0,92;1,93;2,24;38,61
1,25;15,30;0,57;1,93;2,24;38,22
1,25;15,30;0,57;1,93;2,24;39,33
1,25;14,56;0,57;1,93;2,24;37,89
1,25;14,56;0,57;1,93;2,24;38,24
1,25;14,20;0,57;1,93;2,24;37,87
1,25;13,43;0,57;1,93;2,24;37,16
1,25;14,17;0,57;1,93;2,24;37,38
1,25;13,46;0,57;1,93;2,62;37,04
1,25;13,46;0,57;1,93;2,62;37,04
1,25;13,84;0,57;1,93;2,62;37,58
1,25;14,20;0,97;1,93;1,87;37,92
1,25;14,53;0,57;1,54;2,27;37,72
1,25;14,53;0,95;1,54;1,49;37,19
1,25;14,17;0,95;1,54;1,89;38,39
1,25;14,14;0,95;1,54;1,89;38,29
1,25;14,34;0,95;1,54;1,89;38,69
1,25;14,75;0,95;1,54;2,24;38,88
1,25;14,75;0,95;1,54;2,24;39,56
1,57;14,75;0,95;1,54;2,24;39,37
1,57;14,75;0,95;1,54;2,24;38,59
1,25;14,46;0,95;1,54;2,24;38,49
1,25;15,17;0,95;1,97;2,24;38,91
1,25;15,25;1,29;1,97;2,24;39,34
1,25;15,57;1,29;1,97;2,24;39,14
1,25;15,57;1,29;2,37;1,49;39,33
1,65;15,91;1,29;2,37;1,49;39,92
2,01;15,91;1,29;2,37;1,49;38,94
2,01;15,48;1,29;2,37;1,90;39,16
2,33;15,06;1,29;2,54;1,90;39,69
2,33;14,63;1,29;2,54;1,90;38,93
1,94;14,98;0,95;2,54;1,49;38,77
1,94;15,36;0,95;2,54;1,49;38,78
1,94;15,45;0,95;2,54;1,08;38,78
1,94;15,50;0,95;2,54;1,08;38,47
1,94;14,75;0,95;2,54;1,08;38,48
2,33;14,73;0,95;2,54;1,08;38,67
1,94;14,72;0,95;2,54;1,08;38,45
1,94;15,43;1,28;2,54;1,08;38,60
1,94;15,43;0,67;2,37;1,26;37,81
1,94;15,09;0,67;2,37;1,26;37,81
2,27;15,87;0,67;2,37;0,87;38,22
2,27;16,19;0,67;2,37;0,87;38,17
2,68;16,19;0,67;2,37;0,87;38,59
2,68;16,19;1,00;2,37;0,87;38,90
2,68;16,19;0,67;2,37;1,22;39,10
2,68;15,78;0,67;2,37;1,22;38,65
2,68;15,78;0,67;2,37;1,22;38,65
2,68;15,78;0,67;2,54;1,22;38,83
2,68;14,67;0,67;2,54;1,97;38,08
2,68;14,66;0,67;2,37;1,97;38,08
2,68;14,66;0,67;2,37;1,97;37,89
2,68;14,30;0,67;2,73;1,56;37,89
2,68;14,30;0,67;2,73;1,56;38,57
2,68;13,55;0,67;2,73;1,97;37,27
2,68;13,55;0,67;2,73;1,97;37,13
2,68;13,55;0,67;2,74;1,97;38,41
2,68;13,55;0,67;2,74;1,97;38,94
2,35;13,93;0,67;2,32;1,97;38,91
2,35;13,93;0,67;2,61;1,97;39,38
2,35;13,93;0,67;2,61;1,97;39,02
2,35;13,93;0,67;2,61;1,97;38,83
2,35;13,75;0,67;2,23;1,80;39,71
1,94;14,14;0,67;2,23;1,80;39,74
1,58;14,14;0,29;2,23;1,80;38,82
1,18;14,60;0,29;2,23;1,80;38,87
1,18;14,60;0,29;2,23;1,80;39,06
1,18;14,60;0,29;2,54;1,45;38,71
1,18;15,00;0,29;2,47;1,45;38,86
1,59;14,68;0,29;2,06;1,45;38,87
1,59;14,68;0,29;2,06;1,31;39,07
1,59;15,80;0,29;2,06;1,66;39,85
1,59;16,52;0,29;1,73;1,66;40,24
1,59;16,52;0,29;1,73;1,66;40,57
1,59;16,52;0,51;1,73;1,31;40,98
1,59;16,52;0,51;1,73;1,31;40,98
1,59;16,61;0,51;1,73;1,66;41,23
1,59;16,61;0,51;1,73;1,66;41,08
1,59;16,15;0,51;1,73;1,66;41,09
1,59;16,62;0,29;2,09;1,88;41,09
1,59;16,98;0,29;2,09;1,88;41,77
1,59;17,33;0,29;2,09;2,31;42,22
1,18;17,33;0,29;2,50;2,31;42,40
1,18;17,33;0,29;2,50;2,31;42,40
1,46;17,79;0,22;2,85;2,09;42,04
1,46;17,77;0,22;3,19;2,09;42,76
1,46;16,97;0,22;4,03;2,05;43,47
1,68;16,97;0,22;4,03;2,19;43,83
1,68;16,45;0,00;4,40;2,19;44,14
1,68;16,45;0,00;4,40;2,56;44,15
1,68;16,07;0,00;4,68;2,56;43,97
1,68;15,68;0,00;4,68;2,56;43,33
1,34;16,02;0,00;4,68;2,56;43,16
1,34;16,02;0,00;4,68;2,56;43,23
1,34;16,80;0,00;4,68;2,56;42,93
1,34;17,18;0,00;4,68;2,56;43,46
1,34;17,18;0,00;5,43;2,56;44,29
1,34;16,44;0,00;5,43;2,96;44,10
1,34;16,83;0,00;5,43;2,96;43,83
1,34;17,23;0,00;5,43;2,56;43,78
1,34;16,86;0,00;5,43;2,78;43,41
1,34;16,47;0,00;5,81;2,78;43,22
1,34;17,41;0,00;5,81;2,78;44,16
1,34;17,60;0,00;5,47;3,12;44,35
1,34;18,00;0,00;5,10;3,49;44,35
1,73;18,30;0,00;4,72;3,49;43,77
1,73;18,30;0,00;4,72;3,49;44,55
1,73;18,30;0,00;5,09;3,49;44,35
2,11;18,35;0,00;4,71;3,10;45,07
2,11;18,35;0,00;4,71;3,10;45,12
2,11;18,35;0,00;5,17;3,10;45,44
2,11;18,35;0,00;5,54;3,10;45,80
2,52;18,35;0,00;5,54;3,17;46,64
2,14;18,35;0,00;5,54;2,75;46,64
2,14;17,41;0,00;6,14;2,75;46,77
2,14;17,22;0,00;6,14;2,75;46,77
2,48;16,83;0,00;6,48;3,14;47,40
2,84;16,83;0,00;6,12;3,14;47,10
2,84;17,39;0,00;5,75;3,52;47,12
2,48;17,77;0,00;5,75;3,88;47,48
2,48;17,77;0,00;5,75;3,88;47,85
2,48;17,77;0,00;6,13;3,88;46,04
2,94;18,14;0,00;5,67;3,88;48,10
2,94;18,52;0,00;5,67;3,49;48,13
3,16;17,84;0,00;5,67;3,27;48,47
3,16;17,46;0,00;5,67;3,28;48,09
3,16;17,06;0,00;5,50;3,28;48,06
3,57;17,41;0,00;5,50;3,28;48,47
3,57;17,79;0,00;5,50;3,63;48,49
3,57;17,79;0,00;5,89;3,63;48,88
3,17;18,61;0,00;5,67;3,85;48,93
3,17;18,04;0,00;6,07;4,23;49,19
3,17;18,42;0,00;6,07;4,23;49,90
3,17;18,42;0,00;5,67;4,23;49,71
3,56;19,79;0,00;5,67;3,85;51,28
3,17;20,37;0,00;5,67;4,19;50,91
3,98;20,37;0,00;5,67;4,19;51,64
3,58;21,15;0,00;5,67;4,19;52,42
3,51;21,15;0,00;5,67;4,19;52,06
3,51;21,15;0,00;5,67;4,19;52,42
3,48;21,61;0,34;5,67;3,85;53,15
3,48;22,01;0,34;6,44;3,85;53,56
3,09;22,01;0,34;6,80;3,85;53,26
3,09;22,01;0,34;6,82;4,22;52,78
2,55;22,01;0,56;7,98;4,22;53,58
2,55;22,01;0,56;7,98;4,22;53,17
2,55;23,02;0,99;5,58;4,59;52,88
3,28;22,44;0,99;5,58;4,59;52,71
3,61;22,72;1,39;5,93;4,22;53,45
3,61;23,50;1,39;6,31;4,22;55,37
3,28;23,50;1,39;7,40;4,22;56,12
3,28;23,50;1,39;7,40;4,22;56,53
3,28;24,18;1,39;6,35;4,22;56,86
3,28;25,72;1,39;5,98;4,22;57,25
3,28;25,66;1,39;6,39;4,22;58,00
3,73;26,12;1,39;6,00;4,22;57,66
3,73;26,47;1,39;6,00;4,22;58,42
3,05;26,81;1,76;6,33;4,57;58,46
3,05;26,05;1,76;6,47;4,96;58,54
3,05;25,36;2,17;6,84;4,96;58,18
3,05;25,36;1,80;7,21;4,96;58,96
3,05;25,36;1,80;6,86;4,96;58,96
3,37;25,36;1,80;7,04;4,96;59,14
3,37;25,36;1,80;7,46;4,60;59,59
2,92;25,79;1,80;7,09;4,60;59,53
2,92;26,20;1,80;7,08;4,60;58,84
2,92;26,52;1,80;7,08;4,60;58,78
2,92;26,52;1,80;7,08;4,60;58,82
2,92;25,63;1,80;7,08;4,60;59,18
2,63;25,91;2,09;6,44;4,26;58,80
2,31;26,73;2,28;6,82;4,61;59,08
2,31;26,75;1,99;7,10;4,61;59,14
2,31;26,91;1,99;7,47;4,61;60,73
1,97;26,72;2,54;7,47;4,61;60,72
1,97;27,14;2,54;7,84;4,61;60,66
1,97;27,47;2,54;7,84;4,61;60,89
1,97;27,85;2,54;7,91;4,61;61,04
2,29;27,85;2,96;8,09;4,24;61,60
2,29;28,24;3,13;7,68;4,61;61,60
2,29;29,01;3,13;8,05;4,61;62,68
2,29;28,31;3,13;8,38;4,97;63,09
2,29;27,87;3,16;9,15;4,97;63,44
2,29;27,73;3,30;8,05;4,97;63,07
2,29;29,02;3,30;7,65;4,97;63,07
2,29;29,02;3,30;8,01;4,62;63,07
2,29;29,02;2,94;8,37;4,62;63,40
1,88;29,40;2,95;8,78;3,86;63,40
1,88;29,63;2,95;8,78;3,86;63,46
1,88;30,06;3,31;7,98;3,86;63,12
1,88;30,06;3,31;7,98;3,86;62,51
1,88;29,67;3,31;7,98;4,21;62,38
1,66;29,28;3,31;7,98;4,25;62,17
2,07;28,88;2,95;8,34;3,88;62,13
2,07;28,52;2,95;8,55;4,60;62,35
1,25;28,52;2,95;8,55;5,00;62,35
1,25;27,99;3,31;8,19;5,00;61,82
1,66;28,37;2,90;7,60;5,00;62,62
1,25;28,37;2,90;7,60;5,00;62,62
1,25;28,71;2,90;7,95;5,00;63,30
1,25;27,55;3,30;8,31;5,35;63,27
1,25;27,32;3,30;8,71;5,35;63,24
1,25;27,48;3,30;9,37;5,35;63,86
1,25;26,95;3,49;9,20;5,00;63,86
1,25;26,62;3,49;9,58;5,35;63,11
1,25;26,62;3,49;9,58;5,35;63,24
1,25;26,62;3,49;9,58;5,00;62,87
1,25;26,16;3,49;9,20;5,00;61,89
1,25;26,16;3,49;9,20;5,00;62,03
1,25;26,36;3,49;9,20;5,00;62,23
1,25;25,98;3,49;9,80;5,13;62,23
1,25;25,98;3,13;10,16;5,13;62,23
1,25;26,34;3,13;10,16;5,13;62,17
1,25;26,34;3,13;10,26;5,35;62,49
0,92;26,26;3,56;10,26;5,35;63,30
0,92;26,26;3,56;11,00;5,35;63,32
0,52;26,65;3,56;11,00;5,41;64,39
0,52;27,01;3,56;11,00;5,05;64,02
0,52;27,75;3,56;10,62;4,64;65,15
0,52;27,75;3,56;10,62;4,64;65,15
0,52;27,41;3,56;10,21;4,27;64,04
0,52;27,99;3,56;9,79;5,05;64,34
0,90;28,51;3,56;8,29;5,05;64,48
0,90;28,51;3,56;7,93;5,05;63,79
0,90;28,60;3,56;9,58;4,64;64,17
0,90;29,30;3,87;9,58;4,64;64,80
1,19;29,66;3,87;9,58;3,91;64,43
1,19;29,05;3,87;9,20;3,91;64,09
1,74;29,05;3,05;10,78;3,91;63,77
1,74;29,05;2,31;11,10;3,91;63,34
1,74;29,21;1,95;11,10;4,27;63,50
1,74;29,54;1,95;10,72;4,61;63,83
1,74;30,00;1,95;11,09;4,61;64,20
1,74;30,23;1,95;11,85;4,25;64,77
1,74;29,05;1,95;12,61;3,91;64,37
1,19;27,46;1,13;13,99;4,31;63,57
1,19;26,61;0,76;14,18;4,31;63,38
1,19;26,25;0,34;14,21;4,31;63,38
1,19;26,25;0,34;14,56;4,66;63,36
1,19;26,06;0,75;14,56;4,25;62,83
1,55;26,61;1,16;13,78;3,91;62,97
1,19;26,61;1,16;14,15;3,91;62,97
1,19;26,23;1,16;13,72;3,91;62,93
1,19;26,23;1,16;14,86;3,91;63,23
1,19;26,23;0,76;14,86;4,31;62,56
1,19;26,19;0,76;14,86;4,31;63,28
1,19;26,19;1,08;13,81;4,67;62,58
1,19;25,52;1,08;14,57;4,67;62,58
1,59;25,10;1,08;15,00;4,27;62,25
1,59;25,10;1,08;14,82;4,57;62,95
1,19;25,10;1,08;14,82;4,57;62,95
1,59;25,43;0,73;14,82;4,57;62,90
1,59;25,46;0,73;14,82;4,57;62,53
1,59;25,13;0,73;14,45;4,57;62,23
1,59;25,13;0,73;13,64;5,37;62,23
1,59;25,22;0,73;12,84;5,37;61,86
1,59;25,56;0,73;12,84;5,37;61,86
1,59;25,22;0,73;13,22;4,99;61,53
1,59;25,22;0,73;13,22;4,99;61,86
1,59;26,34;0,73;12,84;4,99;62,97
1,59;26,15;0,73;12,24;4,99;62,39
1,59;26,40;0,73;11,21;5,67;62,67
1,21;26,76;0,73;11,23;6,01;61,59
1,21;26,76;1,08;11,23;5,67;61,59
1,21;26,39;1,08;11,50;5,33;61,64
1,21;26,18;1,46;11,50;5,39;62,04
1,21;26,18;1,04;11,50;5,74;61,85
1,21;26,45;0,72;12,20;5,00;61,66
1,21;25,76;0,72;11,82;6,15;62,07
1,52;25,80;0,72;11,50;5,72;62,31
1,52;26,55;0,34;11,13;5,72;61,94
1,52;26,93;0,34;10,62;5,34;61,80
1,52;26,11;0,34;10,40;4,93;61,48
1,52;26,11;0,34;10,81;5,34;61,14
1,52;26,12;0,34;10,48;5,68;61,49
1,52;25,70;0,76;10,06;5,68;61,10
1,52;26,11;0,41;9,51;6,02;61,27
1,21;26,86;0,00;9,31;6,02;60,62
1,21;26,83;0,00;9,53;6,02;60,44
1,21;26,83;0,34;9,14;6,02;60,85
1,21;26,83;0,81;9,14;6,02;60,85
1,21;27,65;0,81;9,36;5,67;61,20
1,67;28,21;0,32;9,14;5,67;61,86
1,67;28,21;0,32;8,68;5,67;60,87
1,38;28,21;0,32;8,55;5,67;60,45
1,70;28,21;0,00;8,55;6,09;60,54
1,70;27,83;0,00;8,55;5,05;60,15
1,70;28,20;0,00;8,55;5,41;60,48
1,70;28,02;0,00;8,55;5,41;60,15
1,70;27,62;0,00;8,55;5,41;59,74
1,70;27,32;0,34;8,26;5,41;59,86
1,70;27,32;0,34;8,07;5,41;59,45
1,70;27,32;0,34;7,89;5,41;59,34
1,70;28,16;0,34;7,47;4,99;59,34
2,10;27,98;0,00;7,47;4,59;58,68
2,10;28,62;0,00;6,76;4,59;58,42
2,10;28,13;0,00;7,40;5,44;58,68
1,38;28,95;0,32;7,68;4,60;58,68
1,38;28,62;0,32;7,68;4,94;59,12
1,38;28,21;0,32;7,69;4,94;59,12
1,38;28,54;0,32;7,69;4,94;59,45
1,38;28,18;0,32;8,07;4,94;59,83
1,38;28,18;0,32;7,50;4,94;59,23
1,38;28,16;0,32;8,26;5,36;59,98
1,58;27,98;0,32;8,34;4,90;60,89
1,58;28,67;0,74;8,34;3,61;60,89
1,58;28,67;0,74;8,34;3,61;60,89
1,58;28,67;0,74;8,87;3,26;61,42
1,46;29,36;0,74;8,87;3,61;61,42
1,46;28,64;0,74;8,87;3,61;61,00
1,46;29,45;0,74;8,87;3,18;62,14
1,46;29,62;0,74;8,47;3,88;62,27
1,46;30,33;0,74;8,47;4,23;62,95
1,46;29,52;0,74;8,47;4,23;61,92
1,46;29,90;0,74;8,47;4,23;61,92
1,46;28,86;0,74;8,49;4,38;62,07
1,98;28,15;0,74;8,43;4,19;62,05
1,98;28,44;0,74;8,43;4,97;62,42
1,98;28,05;0,74;8,43;5,00;63,17
1,98;27,63;0,74;7,72;5,00;62,77
1,98;27,91;0,74;8,94;4,99;61,98
2,37;27,91;0,74;8,54;5,03;62,35
2,37;27,26;0,74;8,91;5,03;62,48
2,37;27,03;0,74;8,53;5,03;62,48
1,46;26,89;0,42;9,05;4,73;62,02
1,46;27,66;0,42;9,05;4,68;62,08
1,46;28,02;0,42;7,84;4,68;61,85
1,46;29,19;0,42;6,34;4,68;61,44
1,46;29,60;0,42;6,34;5,03;61,11
1,46;29,88;0,42;6,34;5,03;61,72
1,46;30,07;0,42;5,98;4,68;62,50
1,46;29,18;0,42;5,98;4,68;62,46
1,46;29,23;0,42;5,98;4,68;61,35
1,46;29,31;0,42;5,70;4,68;61,76
1,46;29,43;0,42;5,70;5,42;62,67
1,46;29,43;0,42;5,70;5,42;62,67
1,46;29,04;0,42;5,70;5,42;62,67
1,46;29,04;0,42;5,70;5,04;62,29
1,46;29,43;0,42;6,09;5,04;62,64
1,46;29,99;0,42;6,09;5,04;61,92
1,46;30,38;0,42;6,09;5,04;62,21
1,46;30,05;0,42;6,09;5,04;62,21
1,46;29,72;0,42;6,09;4,34;61,80
1,46;29,32;0,42;6,09;4,68;61,88
1,89;29,25;0,42;6,09;4,68;61,88
1,89;28,91;0,42;6,09;5,04;61,69
1,89;29,97;0,42;6,09;5,04;62,29
1,46;31,12;0,42;5,64;5,47;63,00
1,46;31,64;0,42;6,02;5,47;63,39
1,46;32,24;0,42;5,66;4,68;63,33
1,46;31,87;0,42;5,66;4,68;63,72
1,46;32,10;0,42;5,66;4,68;63,72
1,46;31,36;0,42;5,66;4,68;63,39
1,46;32,46;0,00;5,70;4,68;62,68
1,46;33,07;0,00;5,70;4,29;62,73
1,46;34,14;0,45;5,70;3,60;63,31
1,46;33,76;0,45;5,70;3,60;62,60
1,00;33,76;0,45;5,70;3,60;62,94
1,00;33,03;0,45;5,17;3,95;61,82
1,00;33,10;0,45;5,70;3,88;61,49
1,00;33,48;0,45;5,70;3,88;61,82
1,00;33,13;0,45;5,70;3,88;60,93
1,00;31,17;0,98;5,70;4,07;59,87
1,00;31,24;0,98;5,70;3,72;60,60
1,00;29,85;0,98;5,16;3,38;59,51
1,00;29,76;0,98;4,74;3,72;58,83
1,00;29,81;0,98;4,74;3,72;58,61
1,00;29,29;0,98;4,74;3,72;58,47
1,00;28,69;0,98;5,16;3,72;57,95
1,00;29,45;0,98;5,16;3,73;58,32
1,00;29,05;0,98;5,13;3,69;57,84
1,00;29,44;0,98;5,13;3,69;58,22
1,36;29,27;0,98;4,74;3,72;57,67
1,36;29,72;0,98;4,39;3,37;58,07
1,36;29,61;0,98;4,74;3,37;57,76
1,36;30,22;0,98;4,21;3,37;58,37
1,36;29,10;0,98;4,57;3,36;58,22
1,77;28,03;0,98;4,91;3,70;58,16
1,77;26,56;0,98;4,91;3,70;57,42
1,77;26,56;0,98;4,48;3,70;56,30
1,77;27,67;0,98;4,12;3,70;55,97
1,77;28,08;1,33;3,20;3,70;55,34
2,28;28,13;1,33;3,20;3,37;55,91
2,28;28,50;1,33;3,48;3,37;55,91
2,28;27,97;1,33;3,20;3,37;55,17
2,28;28,04;1,32;3,20;3,03;55,21
2,28;28,04;1,32;3,20;3,03;55,55
2,28;27,62;1,32;3,20;2,68;54,44
2,28;28,04;1,32;3,20;2,34;54,41
2,28;27,64;1,32;2,83;2,71;54,01
2,28;28,02;1,32;2,83;2,71;53,67
2,28;28,79;1,32;2,83;1,97;54,04
2,28;28,43;1,32;2,83;2,69;53,71
2,28;27,67;1,32;3,60;3,38;54,67
2,11;27,46;1,32;3,23;3,38;53,58
2,11;27,51;1,32;3,23;3,38;53,83
2,11;27,87;1,32;3,23;2,68;53,88
2,11;27,32;1,32;3,23;3,08;53,49
2,11;27,32;1,32;3,23;3,08;53,49
2,11;27,68;0,98;3,23;3,06;53,11
1,92;27,66;1,40;3,23;3,06;53,42
1,92;27,66;1,40;3,23;3,06;53,09
1,92;27,66;1,40;3,23;3,06;52,76
2,28;27,66;0,98;3,23;2,69;53,09
1,92;28,02;0,98;3,23;2,69;53,26
1,92;27,61;0,98;3,23;2,69;52,04
1,92;27,61;0,98;3,56;2,36;52,83
1,92;27,61;0,98;3,91;2,36;52,12
2,28;27,24;1,35;3,91;2,00;52,12
2,64;26,89;0,98;3,91;1,64;52,22
2,64;27,57;0,98;3,56;1,65;51,76
2,64;27,19;0,98;3,56;2,04;51,76
2,28;26,85;0,98;3,56;2,40;51,25
2,35;26,17;0,98;3,48;1,83;50,52
2,35;25,33;0,45;3,48;2,02;49,26
2,35;26,13;0,45;3,48;1,65;50,03
2,35;26,13;0,45;3,48;1,65;50,03
1,59;26,91;0,89;3,48;1,25;50,36
1,59;26,51;0,89;3,48;1,66;50,29
1,59;26,47;0,89;3,48;1,30;50,57
1,59;26,54;0,89;3,48;1,66;50,64
1,23;27,42;0,89;3,48;1,06;50,97
1,23;27,42;0,89;3,48;1,06;50,97
0,71;26,67;0,89;3,48;1,24;50,04
0,71;27,44;0,45;3,95;1,24;49,70
0,71;27,07;0,45;3,95;1,25;49,19
0,71;27,07;0,45;3,58;1,25;48,84
0,71;27,46;0,45;3,58;0,88;49,18
0,71;27,46;0,45;3,19;0,88;48,79
0,71;27,87;0,45;3,19;1,27;48,79
0,71;22,45;0,45;3,93;1,27;45,22
0,93;21,28;0,45;3,93;2,07;44,95
1,34;19,46;0,45;4,29;2,50;43,59
1,12;17,94;0,45;4,48;2,71;43,20
1,45;17,23;0,45;4,08;2,71;42,49
1,64;17,23;0,80;3,89;2,71;42,45
1,64;16,70;0,63;4,23;2,88;42,45
1,64;16,50;0,63;4,60;2,88;42,25
1,64;16,50;0,63;4,60;2,88;42,42
1,64;16,50;0,63;4,60;2,88;41,50
1,81;16,50;0,45;4,60;2,88;41,54
1,81;16,61;0,45;4,60;2,88;41,66
1,81;16,21;0,45;4,60;2,88;41,33
1,81;16,20;0,67;4,60;2,67;41,33
1,48;16,53;0,67;4,93;2,67;41,67
1,48;16,14;0,67;4,93;2,67;41,28
1,48;15,81;0,67;4,57;2,67;40,95
1,48;15,77;0,67;4,93;2,67;41,28
1,48;15,81;0,67;4,93;3,01;41,28
1,84;14,71;0,67;4,93;3,01;40,54
1,84;14,66;0,67;5,32;3,01;41,28
1,84;13,94;0,45;5,66;2,67;41,08
2,19;14,33;0,84;5,28;2,24;40,75
2,57;13,88;0,45;5,28;2,24;40,29
2,61;13,52;0,81;5,28;3,03;40,29
2,61;13,22;0,81;4,91;3,03;38,91
2,61;13,22;0,81;4,91;3,03;39,24
2,61;13,22;0,81;4,55;3,03;38,87
2,61;13,22;0,81;4,55;2,63;38,68
2,61;13,58;0,81;4,91;2,63;39,05
2,61;13,58;0,81;4,55;2,63;38,59
2,61;13,57;0,45;4,55;2,63;37,57
2,61;13,57;0,74;4,55;2,95;37,62
2,61;13,57;0,74;4,55;2,95;37,95
2,61;13,57;0,74;3,72;2,95;37,57
2,61;13,57;0,74;4,10;2,95;37,19
2,27;13,99;0,74;4,10;2,95;37,19
2,27;13,62;0,45;4,10;2,95;36,65
2,27;13,28;0,45;4,47;3,29;36,83
2,27;13,66;0,45;4,81;2,95;36,83
2,61;14,04;0,45;4,47;2,24;36,50
2,61;13,58;0,45;4,47;2,24;36,50
2,61;12,43;0,45;4,48;2,24;36,14
2,61;12,09;0,79;4,48;1,90;35,45
2,27;11,06;0,79;4,85;1,90;34,41
1,87;10,62;0,79;4,93;1,90;33,65
2,30;10,69;0,79;4,16;1,90;33,01
2,70;10,69;0,79;3,80;1,90;33,42
2,30;11,28;0,79;3,80;1,90;33,25
2,30;10,95;0,45;4,15;1,90;33,40
1,90;10,95;0,45;4,83;1,90;32,53
1,90;10,57;0,45;4,83;1,90;32,19
1,90;10,95;0,45;4,83;2,22;32,51
1,90;10,48;0,45;4,50;2,22;32,05
1,90;10,95;0,45;4,50;2,22;32,18
1,90;10,57;0,45;4,16;2,56;32,18
1,46;11,00;0,45;4,16;2,56;32,18
1,46;11,00;0,45;4,16;2,56;32,18
1,46;11,00;0,45;3,80;2,56;31,72
1,46;11,00;0,45;3,46;2,56;31,38
1,46;10,57;0,45;3,83;2,56;30,95
1,46;10,68;0,45;3,75;1,86;30,29
1,46;10,29;0,45;4,15;1,86;29,83
1,46;9,88;0,45;3,80;1,86;29,08
1,46;10,29;0,45;3,80;1,86;29,95
1,46;10,29;0,45;3,42;2,24;29,95
1,46;10,64;0,45;3,42;2,24;30,30
1,46;10,10;0,79;3,42;1,52;29,93
1,46;10,10;0,79;3,42;1,52;29,93
1,46;9,69;0,79;3,42;1,52;28,92
1,46;10,10;0,79;3,42;1,16;29,28
1,46;10,10;0,79;3,42;1,16;29,28
1,46;10,03;0,45;3,10;1,16;28,56
1,46;9,71;0,45;3,32;1,16;28,23
1,46;10,05;0,45;2,63;1,16;28,23
1,46;10,37;0,45;2,63;1,16;28,23
1,46;10,65;0,45;2,88;1,16;29,30
1,46;10,65;0,45;2,88;1,16;28,97
1,46;9,76;0,45;2,41;1,16;27,95
1,82;9,23;0,45;2,21;1,16;27,58
1,82;8,47;0,45;2,60;1,16;27,20
1,82;8,14;0,45;2,60;1,16;26,49
1,46;9,07;0,45;2,21;1,16;26,68
1,46;8,72;0,45;1,85;1,16;25,82
1,46;8,34;0,45;1,85;1,16;25,79
1,46;8,34;0,45;2,21;1,16;25,41
1,46;7,97;0,77;2,21;1,16;25,17
1,46;8,66;0,45;2,21;1,16;25,17
1,46;8,66;0,45;2,21;1,16;25,53
1,46;8,23;0,45;2,21;1,16;25,43
1,46;8,23;0,45;2,21;1,16;24,73
1,08;7,48;0,45;2,21;1,16;24,35
1,08;7,85;0,45;2,21;1,16;24,35
1,08;7,85;0,45;2,21;1,16;24,68
1,08;7,43;0,45;1,88;1,16;23,59
0,88;7,49;0,45;1,88;1,16;23,73
0,88;7,60;0,45;1,52;1,16;23,39
0,88;7,60;0,45;1,52;1,16;22,55
0,88;7,22;0,45;1,14;1,16;22,73
0,88;7,22;0,45;1,50;1,16;22,73
0,88;7,22;0,45;1,50;1,16;22,39
0,88;7,22;0,45;1,50;1,16;22,73
0,88;6,83;0,45;1,89;1,16;22,73
1,05;6,48;1,06;1,89;1,16;22,51
1,05;6,86;1,06;1,89;1,16;22,51
1,05;7,67;1,06;1,50;0,73;22,51
1,05;7,67;1,06;1,11;0,73;21,79
1,05;7,29;1,06;1,11;0,73;22,41
1,05;7,29;1,06;1,11;0,73;22,41
1,05;7,67;0,87;1,11;0,73;22,41
1,05;7,67;0,87;1,11;0,73;22,41
1,05;7,67;0,87;0,75;0,73;22,07
1,05;7,29;0,87;0,75;0,73;21,94
1,05;7,65;0,87;1,11;0,73;22,30
1,05;7,65;0,87;1,11;0,73;22,30
1,05;7,65;0,87;1,11;0,73;21,97
1,05;7,65;0,87;1,11;0,73;21,58
1,05;7,84;0,87;1,11;0,73;21,36
1,05;7,52;0,87;1,11;0,73;21,04
1,05;7,71;0,87;1,11;0,73;21,04
1,05;7,71;0,87;1,11;0,73;20,72
1,05;6,91;0,87;1,11;1,11;20,28
1,05;6,32;0,87;1,11;1,11;20,28
1,05;6,26;0,87;1,11;1,11;19,50
1,05;5,92;0,87;1,11;1,11;19,50
1,05;5,92;0,87;1,11;1,11;19,84
1,05;5,92;0,87;1,11;1,11;19,41
1,05;5,92;0,87;1,11;1,11;19,41
1,05;5,92;0,87;0,75;1,11;18,79
1,05;5,92;0,87;0,75;1,11;19,21
1,05;5,65;0,87;0,75;1,11;18,42
1,05;5,65;0,87;0,75;1,11;18,42
1,05;4,71;0,87;1,11;1,11;17,84
1,05;4,71;0,87;1,11;1,11;17,46
1,05;4,71;0,87;0,72;1,11;17,46
0,53;4,71;0,87;0,72;1,11;16,94
0,53;4,31;0,87;1,10;0,73;16,54
0,53;4,69;0,87;0,72;0,73;16,54
0,53;4,69;0,87;0,72;0,73;16,14
0,53;4,41;0,87;0,72;0,73;15,53
0,53;4,41;0,87;0,72;0,73;15,07
0,53;4,58;0,87;0,35;0,73;15,25
0,53;4,58;0,87;0,72;0,73;15,25
0,53;4,58;0,87;0,72;0,73;15,25
0,53;4,58;0,87;0,72;0,73;15,58
0,53;4,58;0,87;0,72;0,73;15,58
0,53;4,58;0,87;0,72;0,73;15,25
0,53;4,77;0,87;0,72;0,73;14,91
0,87;4,43;0,87;0,72;0,73;14,59
0,87;4,43;0,87;0,72;0,73;14,59
0,53;3,98;0,87;0,72;1,07;14,13
0,53;3,79;0,87;0,72;1,07;14,13
0,53;3,79;0,87;0,72;1,07;14,13
0,53;3,79;0,87;0,72;1,07;14,13
0,53;3,46;0,87;0,72;1,07;13,76
0,53;3,46;0,87;0,35;1,07;13,76
0,53;3,65;0,87;0,35;1,07;13,76
0,53;3,65;0,87;0,35;1,07;13,76
0,53;3,65;0,87;0,35;1,07;13,76
0,53;3,65;0,87;0,35;1,07;13,76
0,53;3,65;0,87;0,35;1,07;13,76
0,53;4,02;0,87;0,72;1,07;13,76
0,53;4,02;0,87;0,72;1,07;13,42
0,53;4,02;0,87;0,72;1,07;13,94
0,53;4,02;0,87;0,72;1,48;14,01
0,53;4,02;0,87;0,72;1,48;14,01
0,53;4,02;0,87;0,35;1,48;13,26
0,53;3,66;1,23;0,35;1,48;13,26
0,53;3,66;1,23;0,35;1,48;13,26
0,53;3,66;1,23;0,35;1,07;13,24
0,53;3,66;1,23;0,35;1,07;12,82
0,53;3,66;1,23;0,35;1,07;12,65
0,53;3,66;1,23;0,35;0,68;12,26
0,53;3,66;1,23;0,35;0,68;12,26
0,53;3,66;1,23;0,35;0,68;12,26
0,53;3,47;1,23;0,35;0,68;12,07
0,53;3,47;1,23;0,35;0,68;12,07
0,53;3,09;1,23;0,35;0,68;12,06
0,53;3,09;1,23;0,35;0,68;12,06
0,53;3,09;1,23;0,35;1,05;12,06
0,53;3,09;1,23;0,35;1,05;12,06
0,53;3,09;1,23;0,35;1,05;12,06
0,53;3,47;1,23;0,35;1,05;12,06
0,53;3,47;0,87;0,35;1,05;11,70
0,53;3,47;0,87;0,35;1,05;11,70
0,53;3,09;0,87;0,35;1,05;11,41
0,53;3,09;0,87;0,35;1,05;12,03
0,53;3,09;0,87;0,35;1,05;11,75
0,53;3,09;0,87;0,35;0,68;11,75
0,53;3,09;0,87;0,35;0,68;11,41
0,53;3,09;0,87;0,35;0,68;11,75
0,53;3,47;0,87;0,35;0,68;11,75
0,53;3,84;0,87;0,35;0,68;11,75
0,53;3,47;0,87;0,35;0,68;11,38
0,53;3,09;0,87;0,35;0,68;11,38
0,53;3,09;0,87;0,35;0,68;11,38
0,53;3,09;0,45;0,35;0,68;11,38
0,53;3,09;0,45;0,35;0,68;11,38
0,53;2,72;0,45;0,35;0,68;11,01
0,53;2,72;0,45;0,35;0,68;10,84
0,53;2,72;0,45;0,35;0,68;10,50
0,35;2,72;0,45;0,35;0,68;10,14
0,35;2,72;0,45;0,35;0,68;10,14
0,35;2,72;0,45;0,35;0,68;10,14
0,35;2,72;0,45;0,35;0,68;10,14
0,35;2,72;0,45;0,35;0,68;10,14
0,35;2,72;0,45;0,35;0,68;10,14
0,35;2,72;0,45;0,35;0,68;9,81
0,35;2,72;0,45;0,35;0,68;9,81
0,35;2,72;0,45;0,35;0,85;9,81
0,35;2,72;0,45;0,35;0,85;9,81
0,35;2,72;0,45;0,35;1,23;9,81
0,35;2,72;0,45;0,35;1,23;9,81
0,35;2,72;0,45;0,35;1,23;10,14
0,35;2,72;0,45;0,35;1,23;10,14
0,35;2,72;0,45;0,35;0,85;9,80
0,35;2,72;0,45;0,35;1,23;9,47
0,35;2,72;0,45;0,35;1,23;9,80
0,35;2,72;0,45;0,35;1,23;9,80
0,35;2,72;0,45;0,35;1,23;9,80
0,35;2,35;0,45;0,35;1,23;9,80
0,35;2,35;0,45;0,35;1,23;9,43
0,35;2,35;0,45;0,35;0,85;9,10
0,35;2,35;0,45;0,35;0,85;9,10
0,35;2,35;0,45;0,35;0,85;8,81
0,35;2,35;0,45;0,35;0,85;9,14
0,35;1,93;0,45;0,35;0,85;8,72
0,35;1,93;0,45;0,35;0,85;8,72
0,35;1,93;0,45;0,00;0,85;8,37
0,35;1,93;0,45;0,00;0,85;7,63
0,35;1,93;0,45;0,00;0,85;7,96
0,35;1,93;0,45;0,00;0,51;7,62
0,35;1,93;0,45;0,00;0,34;7,62
0,35;1,93;0,45;0,00;0,51;7,62
0,35;1,93;0,45;0,00;0,51;7,62
0,35;1,93;0,45;0,00;0,51;7,62
0,35;1,93;0,79;0,00;0,51;7,62
0,35;1,93;0,79;0,00;0,51;7,25
0,35;1,93;0,79;0,00;0,51;7,66
0,35;1,50;0,79;0,18;0,34;7,23
0,35;1,50;0,79;0,18;0,34;6,83
0,35;1,50;0,79;0,00;0,51;7,23
0,35;1,50;0,45;0,00;0,51;6,90
0,35;1,50;0,45;0,00;0,51;6,90
0,35;1,50;0,45;0,00;0,51;6,90
0,35;1,50;0,45;0,00;0,51;6,90
0,35;1,50;0,45;0,00;0,51;6,90
0,35;1,50;0,45;0,00;0,51;6,90
0,35;1,50;0,45;0,00;0,51;6,90
0,35;1,50;0,45;0,00;0,51;6,90
0,35;1,50;0,45;0,00;0,51;6,90
0,35;1,50;0,45;0,00;0,51;6,90
0,35;1,50;0,45;0,00;0,51;6,90
0,35;1,50;0,45;0,00;0,51;6,90
0,35;1,50;0,45;0,00;0,51;6,90
0,35;1,50;0,45;0,00;0,51;6,90
0,35;1,50;0,45;0,00;0,51;6,56
0,35;1,87;0,45;0,00;0,51;6,93
0,35;1,55;0,45;0,00;0,51;6,61
0,35;1,87;0,45;0,00;0,51;6,93
0,35;1,87;0,45;0,00;0,51;6,93
0,35;1,55;0,45;0,00;0,51;6,93
0,35;1,55;0,45;0,00;0,51;6,93
0,72;1,18;0,45;0,00;0,51;6,93
0,72;1,18;0,45;0,00;0,51;6,93
0,72;1,18;0,45;0,00;0,51;6,93
0,72;1,18;0,45;0,00;0,51;6,93
0,72;1,18;0,45;0,00;0,51;6,93
0,72;1,18;0,45;0,00;0,51;6,55
0,72;1,18;0,45;0,00;0,51;6,15
0,72;1,18;0,45;0,00;0,51;6,55
0,72;1,18;0,45;0,00;0,51;6,55
0,72;1,18;0,45;0,00;0,51;6,55
0,72;1,18;0,45;0,00;0,51;6,55
0,72;1,18;0,45;0,00;0,51;6,55
0,72;1,18;0,45;0,00;0,51;6,55
0,72;1,18;0,45;0,00;0,51;6,37
0,72;1,18;0,45;0,00;0,51;6,37
0,72;1,18;0,45;0,00;0,51;6,37
0,72;1,18;0,45;0,00;0,51;6,37
0,72;1,18;0,45;0,00;0,51;6,05
0,72;1,18;0,45;0,00;0,51;6,05
0,72;1,52;0,45;0,00;0,51;6,39
0,72;1,52;0,45;0,00;0,51;6,39
0,72;1,52;0,45;0,00;0,51;6,39
0,72;1,52;0,45;0,00;0,51;6,39
0,72;1,52;0,45;0,00;0,51;6,39
0,72;1,52;0,45;0,00;0,51;6,39
0,72;1,52;0,45;0,00;0,51;6,72
0,72;1,52;0,45;0,00;0,51;6,34
0,72;1,52;0,45;0,00;0,18;5,48
0,72;1,52;0,45;0,00;0,18;5,48
0,72;1,52;0,45;0,00;0,18;5,48
0,72;1,52;0,45;0,00;0,18;5,15
0,72;1,52;0,45;0,00;0,18;5,15
0,72;1,14;0,45;0,00;0,18;5,10
0,72;1,14;0,45;0,00;0,18;5,10
0,72;1,14;0,45;0,00;0,18;5,10
0,72;1,14;0,45;0,00;0,18;5,10
0,72;1,14;0,45;0,00;0,18;5,10
0,72;1,14;0,45;0,00;0,18;5,10
0,72;1,14;0,45;0,00;0,18;5,10
0,72;1,14;0,45;0,00;0,18;5,10
0,72;0,80;0,45;0,00;0,18;5,10
0,72;0,80;0,45;0,00;0,18;5,10
0,72;0,80;0,45;0,00;0,18;5,10
0,72;0,80;0,45;0,00;0,18;4,70
0,72;0,80;0,45;0,00;0,18;5,10
0,72;0,80;0,45;0,00;0,18;4,77
0,72;0,80;0,45;0,00;0,18;4,43
0,72;0,80;0,45;0,00;0,18;4,43
0,72;0,80;0,45;0,00;0,18;4,43
0,72;0,80;0,45;0,00;0,18;4,43
0,72;0,80;0,45;0,00;0,18;4,43
0,72;0,38;0,45;0,00;0,18;4,34
0,72;0,38;0,45;0,00;0,18;4,34
0,72;0,38;0,45;0,00;0,18;4,34
0,72;0,38;0,45;0,00;0,18;4,01
0,72;0,38;0,45;0,00;0,18;4,01
0,72;0,38;0,45;0,00;0,18;4,01
0,72;0,38;0,45;0,00;0,18;4,01
0,72;0,38;0,45;0,00;0,18;3,25
0,72;0,38;0,45;0,00;0,18;3,65
1,11;0,38;0,45;0,00;0,18;4,04
1,11;0,38;0,45;0,00;0,18;4,04
1,11;0,38;0,45;0,00;0,18;4,04
1,11;0,77;0,45;0,00;0,18;4,42
0,76;0,77;0,45;0,00;0,18;4,07
0,37;1,15;0,45;0,00;0,18;4,07
0,37;1,15;0,45;0,00;0,18;4,07
0,37;1,15;0,45;0,00;0,18;4,07
0,37;1,15;0,45;0,00;0,18;4,07
0,37;1,52;0,45;0,00;0,18;4,44
0,37;1,52;0,45;0,00;0,18;4,44
0,37;1,52;0,45;0,00;0,18;4,44
0,37;1,52;0,45;0,00;0,18;4,44
0,37;1,52;0,45;0,00;0,18;4,44
0,37;1,52;0,45;0,00;0,18;4,44
0,37;1,52;0,45;0,00;0,18;4,04
0,37;1,52;0,45;0,00;0,18;4,44
0,37;1,52;0,45;0,00;0,18;4,44
0,37;2,00;0,45;0,00;0,18;4,92
0,37;2,00;0,45;0,00;0,18;4,92
0,37;2,00;0,45;0,00;0,18;4,92
0,78;2,00;0,45;0,00;0,58;5,74
0,41;2,00;0,45;0,00;0,58;5,36
0,41;2,40;0,45;0,00;0,18;5,36
0,41;2,03;0,45;0,00;0,18;4,99
0,41;1,93;0,45;0,00;0,18;5,28
0,41;1,93;0,45;0,00;0,18;5,28
0,41;2,30;0,45;0,00;0,18;5,65
0,41;2,30;0,45;0,00;0,18;5,65
0,41;2,30;0,45;0,00;0,18;5,25
0,41;2,30;0,45;0,00;0,18;5,65
0,00;2,30;0,45;0,00;0,59;5,65
0,00;2,30;0,45;0,00;0,59;5,65
0,00;2,30;0,45;0,00;0,59;5,65
0,00;2,30;0,45;0,00;0,59;5,26
0,00;2,30;0,45;0,00;0,59;4,86
0,00;2,30;0,45;0,00;0,59;5,26
0,00;2,30;0,00;0,00;0,59;5,26
0,00;2,30;0,00;0,00;0,59;5,26
0,00;2,30;0,00;0,00;0,59;4,86
0,00;2,30;0,00;0,00;0,59;5,26
0,00;2,30;0,00;0,00;0,59;5,26
0,00;2,30;0,00;0,00;0,59;5,26
0,00;2,30;0,00;0,00;0,59;5,26
0,00;2,30;0,00;0,00;0,59;5,26
0,00;2,30;0,00;0,00;0,59;5,26
0,00;2,30;0,00;0,00;0,59;5,26
0,00;2,30;0,00;0,00;0,59;5,26
0,00;2,30;0,00;0,00;0,59;5,26
0,00;2,30;0,00;0,00;0,59;5,26
0,00;2,30;0,00;0,00;0,59;5,26
0,00;2,30;0,00;0,00;0,59;5,26
0,00;2,30;0,00;0,00;0,59;4,86
0,00;2,63;0,00;0,00;0,59;5,59
0,00;2,63;0,00;0,00;0,59;5,59
0,00;2,63;0,00;0,00;0,59;5,59
0,00;2,63;0,00;0,00;0,59;5,59
0,00;2,63;0,00;0,00;0,59;5,59
0,00;2,63;0,00;0,00;0,59;5,59
0,00;2,63;0,00;0,00;0,59;5,59
0,00;2,63;0,00;0,00;0,59;5,59
0,00;2,63;0,00;0,00;0,59;5,59
0,00;2,63;0,00;0,00;0,59;5,59
0,00;2,63;0,00;0,00;0,59;5,59
0,00;3,15;0,00;0,00;1,01;6,53
0,00;3,15;0,00;0,00;1,01;6,53
0,00;3,15;0,00;0,00;0,59;6,11
0,00;3,15;0,00;0,00;0,59;6,11
0,00;3,57;0,00;0,00;0,59;6,53
0,00;3,57;0,00;0,00;0,59;6,53
0,00;3,95;0,00;0,00;0,59;6,91
0,00;3,95;0,00;0,00;0,59;7,30
0,00;3,95;0,00;0,00;0,59;7,30
0,00;3,95;0,00;0,00;0,59;7,30
0,00;3,95;0,00;0,00;0,59;7,30
0,00;3,95;0,00;0,00;0,59;6,90
0,00;3,55;0,00;0,00;0,59;6,90
0,00;3,55;0,00;0,00;0,59;6,90
0,00;3,55;0,00;0,00;0,59;6,90
0,00;3,55;0,00;0,00;0,59;6,90
0,00;3,55;0,00;0,00;0,59;6,90
0,00;3,55;0,00;0,00;0,59;6,90
0,00;3,55;0,00;0,00;0,59;6,90
0,00;3,66;0,00;0,00;0,59;7,01
0,00;3,66;0,00;0,00;0,59;7,01
0,00;4,09;0,00;0,00;0,59;7,44
0,00;4,10;0,00;0,00;0,93;7,79
0,00;4,51;0,32;0,00;1,27;8,85
0,00;3,99;0,32;0,00;1,79;9,05
0,00;4,33;0,32;0,00;1,45;9,05
0,00;4,44;0,32;0,00;0,99;9,05
0,00;5,30;0,32;0,00;0,99;9,51
0,00;5,65;0,32;0,00;1,39;9,92
0,00;5,65;0,32;0,00;1,39;9,92
0,00;6,45;0,32;0,40;1,39;10,65
0,00;6,45;0,32;0,40;1,39;10,65
0,00;6,84;0,32;0,00;1,39;10,65
0,00;6,84;0,32;0,00;1,39;10,65
0,00;7,20;0,32;0,00;0,99;10,61
0,00;7,60;0,32;0,00;0,99;11,01
0,00;7,60;0,32;0,00;0,99;11,23
0,00;7,60;0,32;0,00;0,99;11,23
0,00;7,15;0,32;0,00;1,21;10,78
0,37;7,15;0,32;0,00;1,21;11,15
0,37;7,35;0,32;0,00;1,21;11,35
0,37;7,55;0,32;0,00;1,21;11,35
0,37;7,55;0,32;0,00;1,21;11,73
0,37;7,55;0,32;0,00;1,21;11,73
0,37;7,55;0,32;0,00;1,21;11,73
0,37;7,55;0,32;0,00;1,21;11,73
0,37;7,55;0,32;0,00;1,21;12,02

