[  PERIODOS BÁSICOS  ] (Total Domicílios|Grande Campinas|30/05/2022|Live|Rat%|All)
0,00;4,43;0,00;0,62;2,37;14,63
0,00;4,43;0,00;0,62;2,37;14,63
0,00;3,40;0,00;0,62;2,37;14,54
0,00;2,98;0,00;0,62;2,37;14,96
0,00;2,98;0,00;0,62;2,37;14,96
0,00;3,92;0,00;0,00;1,94;13,91
0,00;3,92;0,00;0,00;1,94;13,91
0,00;3,92;0,00;0,00;1,94;13,91
0,00;3,82;0,00;0,00;1,94;14,33
0,00;3,82;0,00;0,00;1,94;14,33
0,00;3,71;0,00;0,00;1,94;13,71
0,24;3,47;0,00;0,00;1,94;13,71
0,00;3,71;0,00;0,00;1,94;13,71
0,00;3,05;0,00;0,00;1,94;13,47
0,00;3,35;0,00;0,00;1,94;13,76
0,00;3,35;0,00;0,00;1,94;13,76
0,00;2,83;0,00;0,30;1,94;14,06
0,00;2,83;0,00;0,30;1,94;14,06
0,00;2,83;0,00;0,30;1,94;14,06
0,00;3,00;0,00;0,30;1,94;14,57
0,00;4,03;0,00;0,30;1,94;15,09
0,00;5,08;0,00;0,30;1,94;15,71
0,62;5,08;0,00;0,30;1,94;15,91
0,62;4,45;0,00;0,30;1,94;15,91
0,62;4,45;0,00;0,30;1,94;15,91
0,00;4,45;0,00;0,30;2,57;15,91
0,00;4,45;0,00;0,30;2,57;16,42
0,00;4,87;0,00;0,30;2,57;16,84
0,00;4,87;0,00;0,30;2,57;16,84
0,00;4,45;0,00;0,93;2,57;17,05
0,00;4,45;0,00;1,22;2,99;17,77
0,00;4,58;0,00;1,52;2,99;17,77
0,00;4,49;0,00;1,52;2,71;17,92
0,00;4,49;0,00;1,52;2,71;18,79
0,00;5,00;0,00;1,52;2,71;18,79
0,00;5,00;0,00;1,52;2,71;18,79
0,00;5,00;0,00;1,52;2,71;18,28
0,00;4,58;0,00;1,52;2,71;18,28
0,00;4,58;0,00;2,01;2,71;18,26
0,00;5,00;0,00;2,01;2,71;17,75
0,00;5,00;0,00;2,01;2,71;18,24
0,00;6,01;0,00;2,63;2,09;18,76
0,00;6,01;0,00;2,14;2,58;18,76
0,00;6,01;0,00;2,14;2,58;18,76
0,00;5,59;0,00;2,14;2,58;18,76
0,00;5,50;0,00;2,14;2,58;18,76
0,00;5,50;0,00;2,14;2,58;18,76
0,00;6,13;0,00;2,14;2,58;19,19
0,00;6,22;0,00;2,14;2,58;19,19
0,00;7,65;0,00;2,14;2,06;19,67
0,00;7,65;0,00;2,14;2,06;19,67
0,00;7,65;0,00;2,14;2,06;19,25
0,00;7,13;0,00;2,14;2,06;19,25
0,00;7,65;0,00;2,14;2,06;19,25
0,00;7,73;0,00;2,14;2,06;19,25
0,00;7,11;0,00;2,14;2,06;19,25
0,00;7,11;0,00;2,14;2,06;19,25
0,00;7,11;0,00;2,14;2,06;19,25
0,00;7,11;0,00;2,14;2,06;19,25
0,00;7,11;0,00;2,14;2,06;19,25
0,00;7,11;0,00;2,14;2,06;19,25
0,00;7,11;0,00;2,14;2,06;19,25
0,00;7,73;0,00;1,52;2,06;18,63
0,00;7,98;0,00;1,52;2,06;18,20
0,00;7,98;0,00;1,52;2,06;18,20
0,00;7,98;0,00;1,52;2,06;18,20
0,00;7,98;0,00;1,52;2,06;18,20
0,00;7,46;0,00;1,52;2,06;18,20
0,00;8,40;0,00;1,52;1,54;17,69
0,00;7,77;0,00;1,52;1,54;17,58
0,00;8,40;0,00;1,52;1,54;17,77
0,00;8,40;0,00;1,52;2,17;18,71
0,00;8,70;0,00;1,52;2,17;19,13
0,00;9,33;0,00;1,52;2,17;19,77
0,00;9,33;0,00;1,52;2,17;19,77
0,00;9,33;0,00;1,52;2,17;19,77
0,00;8,91;0,00;1,52;2,17;20,79
0,00;8,67;0,00;1,76;2,17;20,79
0,00;8,79;0,00;1,76;2,05;20,79
0,75;8,70;0,00;1,52;2,05;21,22
0,51;8,94;0,00;1,52;2,18;21,35
0,51;9,46;0,00;1,52;2,18;21,35
0,51;9,64;0,00;1,52;2,18;21,35
0,51;9,64;0,00;1,52;2,18;21,35
0,51;9,64;0,00;1,52;2,18;21,35
0,00;9,12;0,00;2,03;2,18;21,35
0,00;8,61;0,00;2,03;2,18;21,35
0,00;8,49;0,00;2,03;2,18;20,72
0,00;8,49;0,00;2,03;2,18;20,72
0,00;8,49;0,00;1,40;2,70;20,60
0,00;8,91;0,00;1,40;2,94;20,84
0,00;8,40;0,00;1,82;3,44;21,25
0,00;7,97;0,00;1,82;3,44;20,82
0,00;7,97;0,00;1,82;2,94;20,82
0,00;8,98;0,00;1,30;2,94;21,33
0,00;8,98;0,00;1,30;2,94;21,33
0,00;9,28;0,00;1,30;2,64;21,33
0,00;9,28;0,00;1,30;2,02;20,71
0,00;9,28;0,00;1,30;2,02;20,71
0,00;9,28;0,00;1,30;2,02;21,22
0,00;9,28;0,00;1,30;2,02;21,22
0,00;9,28;0,00;1,30;2,02;21,22
0,00;9,28;0,00;1,30;2,02;21,22
0,00;9,70;0,00;1,30;2,02;21,22
0,00;9,80;0,00;1,30;2,02;20,80
0,00;9,80;0,00;1,30;2,02;21,31
0,00;9,80;0,00;1,30;2,02;21,31
0,00;9,28;0,00;1,93;2,02;21,94
0,00;9,80;0,00;1,93;2,02;22,45
0,52;9,28;0,00;1,93;1,78;23,48
0,52;9,28;0,00;1,93;1,78;23,48
0,52;9,79;0,00;1,63;1,78;22,67
0,52;9,79;0,00;1,93;1,78;22,97
0,00;9,79;0,00;2,45;1,78;22,97
0,00;9,79;0,00;2,45;1,78;22,97
0,00;9,80;0,00;2,45;2,53;23,48
0,00;9,80;0,00;2,45;2,53;23,73
0,00;9,30;0,00;2,45;2,53;23,23
0,00;9,30;0,00;2,45;2,53;23,23
0,00;9,82;0,00;2,45;2,53;24,16
0,00;9,82;0,00;2,94;3,04;25,17
0,00;9,39;0,00;2,13;3,04;24,87
0,00;9,91;0,00;2,84;2,53;25,17
0,00;10,85;0,00;2,66;2,29;25,17
0,00;10,85;0,00;3,08;2,29;25,17
0,52;10,93;0,00;3,08;2,29;25,77
0,00;10,93;0,00;3,60;2,29;25,77
0,00;10,93;0,00;3,60;2,29;26,29
0,00;10,93;0,00;3,60;2,29;26,29
0,52;10,33;0,00;3,08;2,29;25,68
0,00;10,33;0,00;3,60;2,29;25,68
0,00;10,95;0,00;3,11;2,29;25,30
0,00;11,56;0,00;3,11;2,29;25,91
0,00;11,56;0,00;3,73;2,29;25,91
0,52;10,62;0,00;3,22;2,29;25,95
0,00;9,70;0,00;3,22;2,59;25,95
0,00;10,32;0,00;3,22;2,59;25,95
0,00;10,32;0,00;2,92;2,59;25,14
0,00;10,32;0,00;2,54;2,59;25,03
0,00;9,83;0,00;2,54;2,59;25,25
0,00;9,20;0,00;2,54;2,59;26,03
0,00;9,20;0,00;3,05;2,59;26,03
0,00;8,80;0,00;3,05;2,59;25,00
0,00;8,80;0,00;3,47;2,59;25,00
0,00;9,32;0,00;2,96;2,59;25,00
0,00;8,80;0,00;2,96;2,59;25,42
0,51;9,40;0,00;2,67;2,59;25,38
0,51;8,97;0,00;2,96;3,10;26,19
0,51;8,97;0,00;2,96;3,10;26,19
0,51;8,97;0,00;2,96;3,10;26,19
0,51;8,55;0,00;2,96;3,10;25,67
0,51;9,18;0,00;2,96;3,10;26,30
0,51;9,18;0,00;2,96;3,10;26,30
0,51;9,69;0,00;2,96;3,10;26,64
0,51;9,69;0,00;2,33;3,10;27,06
0,51;9,69;0,00;2,33;3,53;27,57
0,51;10,03;0,00;2,33;3,53;27,93
0,51;11,68;0,00;2,33;3,29;29,34
0,51;11,68;0,00;2,33;3,29;29,76
0,51;11,68;0,00;2,33;3,29;30,79
0,51;11,68;0,00;2,33;3,29;30,51
0,51;11,17;0,00;2,85;3,29;30,99
0,51;11,60;0,00;2,43;3,29;31,00
0,51;11,08;0,00;2,43;3,29;31,00
0,81;10,79;0,00;2,43;3,29;31,00
0,81;11,30;0,00;2,43;3,71;31,42
0,81;10,67;0,00;2,43;3,71;30,37
0,81;10,67;0,00;2,43;3,71;30,79
0,81;11,61;0,00;2,43;3,71;31,21
0,81;10,89;0,00;2,43;3,71;30,11
0,81;10,47;0,00;2,13;3,71;30,62
0,81;10,47;0,00;2,43;3,71;30,62
0,81;10,47;0,00;2,43;3,71;31,04
0,81;9,96;0,00;2,43;3,08;30,41
0,81;9,45;0,00;2,43;3,08;30,13
0,81;9,96;0,00;2,43;3,08;29,62
0,81;9,96;0,00;2,43;2,78;29,32
0,81;10,38;0,00;2,43;2,78;29,32
0,81;10,38;0,00;2,43;2,36;29,95
0,81;8,94;0,00;1,71;2,95;29,65
0,81;8,94;0,00;2,01;3,25;30,25
0,81;8,94;0,00;2,01;3,25;30,25
0,81;8,94;0,00;2,01;3,25;30,25
0,81;8,94;0,00;2,01;3,25;30,25
0,81;9,37;0,00;2,01;3,25;29,83
0,81;9,37;0,00;1,76;3,25;30,01
0,81;9,37;0,00;1,76;3,25;30,01
0,51;9,24;0,00;1,76;3,25;30,01
0,51;9,24;0,00;1,76;3,25;30,01
0,51;9,24;0,00;1,76;3,25;30,01
0,51;9,84;0,00;1,76;3,25;30,19
0,51;9,84;0,00;1,76;3,25;30,61
0,51;9,50;0,00;1,76;3,25;30,27
0,51;9,48;0,00;1,47;3,25;29,95
0,51;8,46;0,00;1,47;3,25;28,93
0,00;8,46;0,00;1,76;3,25;29,22
0,00;8,46;0,00;1,76;3,25;29,22
0,51;7,94;0,00;2,28;3,25;29,22
0,51;7,94;0,00;2,28;3,25;28,71
0,51;7,94;0,00;2,28;3,25;29,22
0,51;6,92;0,00;2,28;3,25;29,20
0,51;6,62;0,00;2,28;3,25;28,90
0,51;6,62;0,00;2,28;3,25;28,90
0,51;7,11;0,00;2,28;3,25;29,39
0,51;7,11;0,00;2,28;3,25;29,39
0,51;7,11;0,00;1,76;3,25;29,39
0,51;7,11;0,00;2,01;3,25;29,63
0,51;6,59;0,00;2,01;3,25;29,63
0,00;6,50;0,00;2,01;3,25;29,03
0,00;6,50;0,00;2,01;3,25;29,03
0,51;7,02;0,00;2,01;3,25;29,12
0,51;6,51;0,00;2,01;3,25;29,12
0,51;6,48;0,00;2,63;3,25;29,97
0,51;7,42;0,00;2,63;3,25;29,97
0,51;7,00;0,00;2,63;3,25;29,97
0,51;7,00;0,00;2,63;3,25;29,97
0,51;6,48;0,00;2,63;3,25;29,97
0,51;6,48;0,00;2,63;3,25;29,97
0,51;6,48;0,00;2,63;3,25;29,54
0,00;5,88;0,00;2,85;3,25;28,94
0,00;5,88;0,00;3,15;3,25;28,94
0,00;5,36;0,00;3,15;3,25;29,09
0,00;5,36;0,00;3,77;2,73;28,68
0,00;5,36;0,00;4,29;3,25;30,02
0,00;5,36;0,00;4,29;3,25;30,02
0,00;5,36;0,00;4,29;3,25;30,26
0,00;5,36;0,00;4,29;2,73;30,26
0,00;5,36;0,00;4,29;2,73;29,84
0,00;5,61;0,00;3,67;2,73;29,21
0,51;5,09;0,00;3,67;2,73;29,21
0,51;5,43;0,00;4,16;2,73;30,04
0,51;5,43;0,00;4,16;2,73;30,04
0,51;5,51;0,00;4,16;2,73;30,04
1,03;5,51;0,00;3,64;2,73;30,04
1,03;5,00;0,00;3,64;2,73;30,12
1,03;5,00;0,00;3,64;2,73;29,70
1,03;5,00;0,00;3,12;2,73;29,61
0,51;5,00;0,00;3,12;2,73;29,10
0,51;5,00;0,00;2,88;2,73;29,10
0,51;5,52;0,00;3,37;2,73;29,59
0,51;5,52;0,00;3,37;2,73;29,59
0,51;5,52;0,24;3,13;2,73;29,08
0,51;5,52;0,24;3,13;2,73;29,36
0,51;5,10;0,24;3,56;3,24;29,36
0,51;5,10;0,24;3,56;3,24;28,94
0,51;5,45;0,24;3,56;3,24;30,04
0,51;4,86;0,24;4,15;3,24;30,04
0,51;4,86;0,24;4,15;3,24;30,04
0,51;5,37;0,24;4,15;3,24;29,80
0,51;5,37;0,24;4,15;3,24;30,04
0,51;5,37;0,24;4,66;2,73;29,53
0,51;5,37;0,24;4,67;2,73;30,47
0,51;5,65;0,24;4,67;2,45;30,47
0,51;5,65;0,24;4,67;2,45;30,47
0,51;5,65;0,24;4,67;2,45;30,47
0,51;5,65;0,24;4,67;2,45;30,47
0,51;6,16;0,24;4,67;2,45;30,98
0,51;6,16;0,24;4,67;2,45;30,46
0,51;5,88;0,24;5,40;2,45;30,30
0,51;5,37;0,24;5,40;2,45;29,27
0,51;5,37;0,24;5,40;2,45;29,27
0,51;5,37;0,24;4,61;2,45;29,07
0,51;5,03;0,24;4,61;2,45;28,73
0,51;5,03;0,24;4,61;2,45;29,15
0,51;5,03;0,24;5,33;2,45;29,15
0,51;5,03;0,24;5,33;2,45;29,15
0,51;5,03;0,24;5,33;2,87;29,15
1,12;5,03;0,24;5,33;2,87;29,99
1,12;6,17;0,24;5,33;2,87;30,90
1,12;6,17;0,24;5,03;2,87;31,41
1,12;5,82;0,24;5,66;2,87;31,41
1,12;5,54;0,24;5,24;2,87;31,13
1,12;5,54;0,24;5,24;2,87;31,43
1,12;5,54;0,24;4,75;2,87;31,43
1,12;5,54;0,24;4,75;2,87;31,43
1,12;6,48;0,24;4,62;2,87;31,42
1,12;5,96;0,24;4,62;2,87;31,33
1,12;6,48;0,24;4,62;2,87;32,45
1,12;6,48;0,24;4,62;2,87;32,16
1,12;6,48;0,24;4,62;2,87;32,16
1,12;6,48;0,24;4,62;2,27;31,57
1,12;5,96;0,24;3,99;2,27;31,22
0,51;5,96;0,24;3,99;2,27;30,62
0,51;6,58;0,24;3,99;2,27;31,24
0,51;6,58;0,24;3,99;2,27;31,24
0,51;6,58;0,24;3,99;2,27;31,24
0,51;7,19;0,24;3,99;2,27;31,85
0,51;7,19;0,24;3,48;2,27;31,85
0,51;7,81;0,24;3,90;2,27;31,85
0,51;8,33;0,24;3,90;2,27;31,48
0,51;7,81;0,24;3,90;2,27;32,00
0,51;7,19;0,24;3,48;2,27;31,37
0,51;7,08;0,24;3,48;2,27;31,37
0,51;7,08;0,24;3,48;2,27;31,37
0,51;8,12;0,24;3,48;2,27;32,00
0,51;8,03;0,24;3,48;1,76;31,40
0,51;8,03;0,24;3,48;1,34;31,40
0,51;8,03;0,24;3,48;1,34;31,40
0,51;8,03;0,24;3,48;1,34;31,40
0,51;8,03;0,24;3,48;1,34;30,88
1,03;6,89;0,24;4,10;1,34;30,88
1,03;6,89;0,24;4,62;1,34;30,88
1,62;7,40;0,24;3,60;1,34;31,40
2,23;6,89;0,24;3,60;1,34;32,00
2,23;6,89;0,24;3,60;1,34;32,00
2,23;6,89;0,24;3,30;1,34;32,42
2,74;6,41;0,24;3,79;1,34;31,79
2,74;6,41;0,24;3,79;1,34;33,11
2,22;6,92;0,24;3,79;1,34;33,45
2,22;6,41;0,24;3,79;1,34;32,94
2,71;6,41;0,24;3,30;1,34;32,94
2,71;6,41;0,24;3,30;1,34;32,65
2,71;6,54;0,24;2,79;1,34;33,27
2,11;7,03;0,24;2,79;1,34;32,67
2,11;7,03;0,24;3,21;1,34;32,67
2,11;7,03;0,24;3,21;1,83;33,16
2,11;7,03;0,24;3,21;1,83;33,16
2,11;6,41;0,24;3,21;1,83;33,04
1,62;6,40;0,24;3,21;1,83;32,91
2,11;5,89;0,24;3,21;1,34;32,81
2,11;5,89;0,24;3,21;1,34;32,81
2,11;5,89;0,24;3,21;1,34;32,30
2,11;5,89;0,24;3,21;1,34;32,81
2,11;5,89;0,24;3,21;1,34;32,81
2,11;6,31;0,24;3,72;1,34;33,74
2,11;6,31;0,24;3,72;1,34;33,74
1,03;6,80;0,24;3,72;1,34;33,15
1,03;6,80;0,24;3,21;1,34;33,15
1,03;7,31;0,24;3,21;1,34;33,77
1,03;7,31;0,24;3,72;1,34;32,90
1,03;6,80;0,24;3,72;0,72;31,77
1,03;6,80;0,24;3,72;0,72;31,77
1,03;7,31;0,24;3,72;0,72;32,91
1,03;7,31;0,24;3,72;0,72;32,91
1,03;7,31;0,24;3,72;0,72;32,91
1,03;7,31;0,24;4,35;0,72;33,54
1,03;7,31;0,24;4,35;0,72;33,30
1,03;7,65;0,24;3,93;0,72;33,30
1,03;7,95;0,24;3,93;0,72;33,30
1,03;7,95;0,24;4,35;0,72;33,72
1,03;7,95;0,24;4,35;0,72;33,72
1,03;7,65;0,24;4,35;1,01;34,14
1,63;7,65;0,24;4,35;1,01;34,75
1,63;6,72;0,24;4,35;1,01;34,23
1,63;8,12;0,00;4,59;1,01;35,22
1,63;8,12;0,00;4,59;1,01;35,22
1,12;9,12;0,00;4,10;1,01;35,22
1,12;8,01;0,00;4,10;1,01;35,22
1,12;8,01;0,00;4,52;1,01;35,22
1,12;8,22;0,00;4,95;1,01;35,22
1,12;9,13;0,00;5,02;1,01;36,21
1,12;9,13;0,00;5,02;1,01;36,63
1,12;9,13;0,00;5,02;1,01;36,69
1,12;9,13;0,00;4,39;1,01;36,27
1,54;9,13;0,00;4,39;1,01;37,12
1,54;9,64;0,00;3,88;1,01;37,12
1,12;10,16;0,00;4,30;1,01;37,63
1,12;10,16;0,00;4,30;1,01;37,63
1,12;10,67;0,00;4,30;1,01;38,56
1,12;10,67;0,00;4,30;1,01;38,98
1,12;10,67;0,00;4,30;1,01;38,98
1,12;11,90;0,00;3,39;1,01;38,67
0,60;13,32;0,00;3,39;0,71;39,27
0,60;13,94;0,00;3,39;0,71;38,68
0,60;13,94;0,00;3,39;0,71;39,10
0,60;13,34;0,00;3,39;0,71;38,01
0,60;13,34;0,00;3,39;0,71;38,52
0,60;13,34;0,00;3,39;0,71;38,28
0,60;12,71;0,00;3,39;0,71;38,29
0,60;12,20;0,00;3,39;0,71;38,29
0,60;12,71;0,00;3,90;0,71;38,71
0,60;12,71;0,00;3,90;0,71;38,71
0,60;13,74;0,00;3,90;0,71;39,73
0,60;14,16;0,00;3,90;0,71;40,66
0,60;14,16;0,00;4,84;0,71;41,18
0,60;13,22;0,00;5,26;0,71;40,66
0,60;13,22;0,00;4,74;0,71;41,18
0,60;12,92;0,00;5,04;0,71;41,18
0,60;13,52;0,00;5,95;0,29;42,14
0,60;14,03;0,00;5,44;0,29;42,55
0,60;15,25;0,00;5,44;0,29;43,15
0,60;15,25;0,00;5,44;0,29;43,15
0,60;14,74;0,00;6,46;0,29;43,15
0,60;14,74;0,00;6,98;0,29;43,16
0,60;15,53;0,00;6,47;0,29;43,92
1,12;14,50;0,00;6,47;0,29;42,98
1,12;14,50;0,00;6,47;0,29;42,84
1,12;14,50;0,00;6,47;0,29;42,84
1,12;14,29;0,00;6,75;0,29;42,84
0,60;14,29;0,00;7,26;0,29;42,84
0,60;14,59;0,00;7,26;0,00;42,42
0,60;15,10;0,00;6,47;0,00;43,14
0,60;14,47;0,00;6,47;0,00;42,52
0,60;15,27;0,00;6,47;0,00;42,52
0,60;15,27;0,00;6,47;0,00;42,00
0,60;13,91;0,00;6,04;0,00;41,52
0,60;15,17;0,00;6,04;0,00;42,14
0,60;15,17;0,00;6,04;0,00;41,52
0,60;15,17;0,00;6,54;0,00;42,14
0,60;15,17;0,00;6,54;0,00;42,14
0,60;15,18;0,00;6,54;0,00;42,66
1,12;14,91;0,00;6,96;0,00;42,66
1,12;14,91;0,00;6,96;0,00;42,29
1,12;15,33;0,00;6,96;0,00;42,92
0,60;15,96;0,00;7,23;0,00;43,98
0,60;16,17;0,00;7,23;0,00;43,98
0,60;16,17;0,00;7,23;0,00;44,93
0,60;17,04;0,00;6,72;0,00;44,51
0,60;17,04;0,00;6,72;0,00;44,00
0,60;16,53;0,00;6,72;0,00;44,42
0,60;16,20;0,00;6,72;0,28;44,78
0,60;16,50;0,00;6,84;0,28;45,20
0,96;16,20;0,00;7,27;0,28;45,26
0,96;15,69;0,00;7,27;0,28;44,75
1,47;16,62;0,00;7,27;0,28;45,26
1,12;16,62;0,00;7,63;0,28;45,26
1,12;17,14;0,00;7,54;0,28;46,11
1,63;17,14;0,00;7,54;0,28;47,14
1,63;17,14;0,00;8,16;0,28;47,40
1,63;17,65;0,00;8,16;0,28;48,33
1,63;17,65;0,00;8,16;0,00;47,96
1,12;17,65;0,00;8,16;0,00;47,15
1,02;17,65;0,00;7,74;0,00;47,67
1,02;16,62;0,00;8,03;0,00;47,67
0,87;15,75;0,00;8,03;0,00;46,64
1,88;15,26;0,00;8,45;0,00;46,23
1,88;15,26;0,00;8,03;0,00;45,80
1,88;15,62;0,00;8,45;0,00;46,23
1,88;15,96;0,00;8,88;0,00;46,65
1,88;16,31;0,00;8,88;0,00;46,99
1,36;16,31;0,00;9,40;0,00;46,99
1,36;16,31;0,00;9,40;0,00;46,99
1,36;16,73;0,00;8,88;0,00;47,42
1,36;16,73;0,00;8,88;0,00;47,78
1,36;16,73;0,00;9,04;0,00;48,45
1,36;16,73;0,00;8,62;0,00;48,45
2,17;16,96;0,00;8,10;0,00;49,69
2,17;16,96;0,00;7,68;0,00;49,69
1,65;16,82;0,00;8,10;0,00;49,27
1,65;16,82;0,00;8,10;0,00;48,76
1,65;16,82;0,00;8,10;0,00;48,24
1,65;16,82;0,00;7,81;0,00;48,24
1,65;16,82;0,00;7,81;0,00;48,76
1,65;17,85;0,00;7,81;0,00;48,67
1,65;17,85;0,00;7,81;0,00;48,67
1,65;17,54;0,00;7,81;0,00;47,66
1,65;16,63;0,00;7,81;0,00;46,52
1,65;16,63;0,00;7,18;0,00;46,31
1,65;17,06;0,00;7,69;0,00;46,41
1,65;17,00;0,00;8,12;0,00;46,41
1,65;17,00;0,00;8,12;0,00;46,41
1,65;17,00;0,00;8,12;0,00;46,41
1,65;17,09;0,00;7,60;0,00;45,98
1,36;17,37;0,00;7,60;0,00;46,27
1,36;17,79;0,00;7,60;0,00;46,27
1,36;18,41;0,00;7,60;0,00;46,89
1,36;17,82;0,00;7,60;0,00;46,30
1,36;18,24;0,00;7,60;0,00;46,72
1,36;17,40;0,00;8,03;0,00;47,14
1,36;17,40;0,00;8,03;0,00;47,14
1,00;17,40;0,00;8,39;0,00;47,14
1,00;17,40;0,00;8,39;0,00;47,14
1,00;16,88;0,00;8,39;0,00;47,05
0,49;16,46;0,00;8,39;0,00;46,63
0,49;16,46;0,00;8,39;0,00;46,12
0,49;16,46;0,00;8,39;0,00;46,12
0,49;16,46;0,00;8,90;0,00;46,12
0,49;15,86;0,00;8,97;0,42;46,37
0,49;15,86;0,00;8,97;0,42;46,37
0,49;15,86;0,00;8,46;0,42;45,95
0,49;14,95;0,00;8,46;0,42;45,95
0,49;15,37;0,00;8,46;0,42;45,53
0,49;15,37;0,00;8,82;0,42;46,31
0,49;14,77;0,00;8,82;0,42;45,70
0,49;14,11;0,00;8,82;0,42;45,19
0,49;14,75;0,00;8,82;0,42;45,19
0,49;14,75;0,00;8,82;0,42;45,19
0,49;14,23;0,00;8,69;0,42;44,25
0,49;14,65;0,00;8,69;0,42;44,67
0,49;14,65;0,00;8,69;0,42;44,01
0,49;14,03;0,00;8,69;0,42;43,59
0,49;14,03;0,00;9,11;0,42;44,01
0,49;13,94;0,00;9,11;0,42;44,43
0,49;13,36;0,00;9,11;0,42;44,14
0,49;14,58;0,00;9,11;0,42;45,17
1,00;14,08;0,00;8,69;0,42;45,59
1,00;13,56;0,00;8,69;0,42;45,59
1,00;14,05;0,00;7,78;0,42;45,59
0,49;14,05;0,00;7,78;0,42;45,59
0,49;14,56;0,00;7,78;0,42;46,11
0,49;14,56;0,00;7,86;0,00;45,68
0,49;14,56;0,00;7,86;0,00;45,68
0,49;14,07;0,00;8,29;0,00;45,61
0,49;14,58;0,00;7,78;0,00;45,61
0,49;14,58;0,00;7,78;0,00;45,61
0,49;14,94;0,00;7,36;0,00;45,61
0,91;14,94;0,00;7,36;0,00;45,71
0,91;14,94;0,00;7,36;0,00;45,62
0,91;15,78;0,00;7,36;0,00;45,62
0,91;15,78;0,00;7,36;0,00;45,26
0,91;15,78;0,00;7,36;0,00;44,74
0,91;15,36;0,00;6,73;0,00;44,81
0,91;15,03;0,00;6,73;0,00;44,90
1,42;15,32;0,00;6,73;0,00;44,90
0,91;15,12;0,00;7,66;0,00;44,70
0,91;15,12;0,00;7,66;0,00;44,25
0,91;15,12;0,00;7,24;0,00;43,82
0,91;15,63;0,00;6,19;0,00;42,78
0,91;15,63;0,00;6,61;0,00;43,62
0,91;15,63;0,00;6,10;0,00;43,00
0,91;16,06;0,00;6,10;0,00;43,00
1,42;16,06;0,00;6,10;0,00;43,00
1,42;16,06;0,00;6,10;0,00;43,00
1,42;16,55;0,00;6,10;0,00;43,49
1,93;16,55;0,00;6,10;0,00;43,49
1,93;15,55;0,00;6,10;0,00;43,40
1,42;16,10;0,00;6,62;0,42;43,04
1,42;15,53;0,00;5,74;0,42;42,40
1,42;15,11;0,00;5,74;0,42;42,40
0,91;15,12;0,00;5,74;0,42;42,40
0,91;16,70;0,00;5,23;0,42;42,74
0,91;16,19;0,00;4,81;0,42;42,56
0,91;16,68;0,00;4,81;0,42;42,56
0,91;16,68;0,00;4,81;0,42;42,56
0,91;16,84;0,00;4,81;0,42;42,56
0,91;16,36;0,00;4,81;0,84;42,56
0,91;16,72;0,00;4,81;0,84;42,56
0,91;16,63;0,00;4,38;0,84;42,56
0,91;16,63;0,00;4,38;0,84;42,56
0,91;17,14;0,00;4,38;0,84;43,07
0,91;17,66;0,00;4,38;0,84;43,59
0,91;17,36;0,00;3,96;0,84;43,16
0,91;18,08;0,00;3,66;0,84;43,83
0,91;17,95;0,00;4,09;0,84;44,25
0,91;17,95;0,00;4,09;0,84;43,73
0,91;17,52;0,00;4,09;0,84;43,31
0,91;17,52;0,00;4,09;0,84;42,31
1,42;18,02;0,00;4,09;0,84;42,60
1,42;17,65;0,36;4,44;0,84;42,60
1,42;18,17;0,36;4,44;0,84;42,60
0,91;18,09;0,36;4,44;0,84;42,73
0,91;17,67;0,87;4,44;0,84;42,60
0,91;17,67;0,87;4,44;0,84;42,60
1,42;17,16;0,36;4,44;0,84;42,96
1,42;15,89;0,36;4,68;0,84;42,45
1,42;15,27;0,36;4,68;0,84;41,83
1,42;15,34;0,36;4,68;0,84;40,90
1,42;15,34;0,36;4,44;0,84;40,90
1,42;15,34;0,36;4,44;0,84;40,90
1,42;15,34;0,36;4,44;0,84;40,90
1,42;15,86;0,36;4,44;0,84;40,47
0,91;15,86;0,87;4,44;0,84;40,96
0,91;15,86;0,87;4,44;0,84;40,96
0,91;16,45;0,87;4,44;0,84;41,13
0,91;16,69;0,87;4,02;0,84;41,12
1,42;16,70;0,36;4,01;0,84;41,12
1,42;16,70;0,36;4,01;0,84;41,64
0,93;16,70;0,85;4,01;0,84;41,64
0,93;16,34;0,85;4,01;0,84;41,64
0,93;16,76;0,85;4,01;0,84;42,06
0,93;16,76;0,85;4,01;0,84;42,06
0,93;17,70;0,85;3,36;1,20;41,76
1,45;16,76;0,85;3,65;1,20;41,55
1,45;16,14;0,85;3,17;1,20;41,06
1,81;16,11;0,85;2,90;0,84;40,72
1,29;17,05;0,85;2,90;0,84;40,72
1,29;17,05;1,09;2,66;0,84;40,64
1,29;17,67;1,09;3,44;0,84;41,13
1,78;17,67;1,09;2,95;0,84;41,13
1,78;17,67;1,09;2,95;0,84;41,13
1,27;17,67;1,60;2,95;0,84;41,13
1,27;17,67;1,60;2,95;0,84;40,62
1,27;18,19;1,60;2,95;0,84;41,28
1,27;18,81;1,60;2,95;0,84;41,91
1,27;18,81;1,60;2,95;0,84;42,42
1,42;16,06;1,45;3,19;0,84;41,80
2,87;10,83;1,45;3,49;0,84;40,40
2,87;9,80;1,45;3,49;0,84;39,89
2,87;10,09;1,45;3,49;0,84;40,97
2,87;10,06;1,45;3,49;0,84;39,67
2,87;11,15;1,45;3,49;0,84;40,76
2,87;11,66;1,09;3,49;1,20;40,85
2,35;11,17;1,60;3,49;1,20;40,35
2,35;11,17;1,60;3,49;0,84;40,35
2,35;10,57;2,23;3,49;0,84;41,89
2,35;11,07;2,23;3,49;0,84;40,88
2,35;11,96;2,23;3,62;0,84;41,89
2,35;11,96;2,23;3,62;0,42;41,89
2,35;11,96;2,23;3,19;0,42;41,47
2,35;11,96;2,23;3,62;0,42;40,85
1,84;11,96;2,23;4,04;0,42;40,43
1,84;11,96;2,23;4,04;0,42;40,43
1,84;10,84;2,23;3,19;0,84;39,38
1,84;10,84;2,23;3,19;1,85;38,86
1,84;10,54;2,23;4,03;2,14;39,70
1,84;10,54;1,60;4,33;1,85;39,50
1,84;10,54;1,60;4,33;1,85;39,50
1,84;9,94;1,60;4,33;1,85;38,90
1,84;9,43;1,60;4,33;1,34;38,39
1,84;8,54;1,60;5,27;1,34;38,01
1,84;9,43;1,60;5,27;1,34;38,90
2,35;8,91;1,09;4,42;1,34;37,82
1,84;8,91;1,09;4,84;1,34;37,73
1,84;9,80;1,09;4,55;1,34;37,81
1,84;9,80;1,09;4,55;1,34;38,24
1,84;10,32;1,09;4,55;1,70;39,11
1,84;9,90;1,09;4,55;1,70;38,71
2,13;10,02;1,09;4,55;1,70;39,62
2,13;10,62;1,09;4,12;2,32;40,42
1,84;10,92;1,09;4,12;2,32;40,42
2,76;10,23;1,09;4,12;1,70;40,20
2,76;11,12;1,09;4,12;1,70;40,57
2,76;11,12;1,09;4,12;1,70;40,57
3,27;10,83;1,09;4,55;1,70;40,70
3,27;10,23;1,09;4,25;1,70;39,81
3,27;10,74;0,85;4,07;1,20;39,94
2,98;11,04;0,85;4,36;1,20;40,24
2,98;11,92;0,85;4,79;1,71;40,84
2,98;11,85;0,85;4,79;2,21;41,19
2,98;11,85;0,85;4,79;2,21;41,19
3,49;12,34;0,85;4,12;2,21;41,19
4,01;12,77;0,85;4,12;2,21;41,61
4,01;12,77;0,85;4,12;2,21;41,61
4,01;12,77;0,85;4,36;2,21;42,04
3,49;12,77;0,85;4,88;2,21;42,04
4,01;12,77;0,85;4,79;2,21;41,54
3,38;13,89;0,85;4,79;2,21;42,23
3,38;13,89;0,85;4,79;2,21;42,23
3,38;14,07;0,49;4,36;1,70;41,54
4,43;14,16;0,49;4,36;1,70;42,57
4,93;13,67;0,49;4,79;1,70;42,57
4,93;12,85;0,49;5,30;2,22;42,28
4,93;12,55;0,49;4,94;2,22;42,49
4,95;12,77;0,49;4,94;2,71;43,07
5,44;14,30;0,49;5,37;2,22;45,03
4,95;14,30;0,49;5,37;2,22;44,53
4,52;14,82;0,49;4,75;2,22;44,95
3,38;14,22;0,49;4,84;2,22;43,14
3,38;14,52;0,49;4,00;3,06;42,33
3,38;14,60;0,49;4,00;3,06;43,26
2,86;15,54;0,49;4,43;3,06;44,20
2,86;15,54;0,49;4,00;3,34;45,45
2,86;15,21;0,49;3,58;3,34;45,54
3,80;14,17;0,49;3,58;3,34;45,02
2,86;14,39;0,49;4,00;2,82;45,43
2,86;14,39;0,49;4,00;2,82;45,96
2,86;13,88;0,49;4,00;2,82;45,96
2,78;13,08;0,49;4,30;2,82;45,07
2,78;13,08;0,49;4,30;2,82;45,07
2,78;12,46;0,49;3,87;2,82;45,04
3,29;11,14;0,49;3,87;2,82;44,15
3,29;11,20;0,49;3,87;3,24;45,06
3,80;10,95;0,49;3,87;2,88;45,06
3,80;10,95;0,49;3,87;2,88;45,06
3,80;13,03;0,00;3,87;3,24;46,38
3,81;13,03;0,00;4,30;3,24;46,38
3,80;13,45;0,00;4,30;3,53;47,18
3,80;13,45;0,00;4,30;3,53;46,56
3,29;13,97;0,00;4,81;3,53;47,18
3,29;14,59;0,00;4,81;3,53;47,81
3,32;14,59;0,00;5,41;3,53;47,30
3,30;15,11;0,00;4,98;3,53;47,81
2,88;14,64;0,00;4,98;3,53;47,39
3,17;13,72;0,00;5,61;3,33;46,80
3,60;13,01;0,00;5,60;3,63;46,97
4,11;13,01;0,00;5,60;4,12;47,31
3,17;13,01;0,00;7,06;3,63;47,82
3,17;13,63;0,00;6,76;4,26;48,39
3,17;13,63;0,00;6,76;4,75;48,39
3,17;13,63;0,00;7,06;4,75;48,15
3,69;13,69;0,00;7,39;5,02;48,77
3,17;13,78;0,00;8,33;5,02;48,77
2,75;14,20;0,00;7,82;5,02;49,37
3,24;14,20;0,00;6,84;5,02;49,37
3,24;14,72;0,00;6,17;5,64;49,99
3,24;14,72;0,00;6,17;5,64;49,99
3,65;14,72;0,00;6,42;5,64;50,18
3,65;14,72;0,00;6,93;5,64;50,69
3,65;14,72;0,00;7,29;5,64;50,69
3,65;14,72;0,00;6,78;5,64;51,11
4,17;15,94;0,00;6,78;5,36;52,04
4,17;15,66;0,00;6,78;5,36;52,04
4,17;16,08;0,00;6,78;5,36;52,04
4,17;16,36;0,00;6,78;4,87;52,04
4,17;16,08;0,00;6,78;5,51;52,04
4,17;16,08;0,00;6,36;5,93;52,47
4,38;16,57;0,00;6,36;5,57;53,09
4,38;16,60;0,00;5,84;5,57;53,09
4,38;16,60;0,00;5,84;5,57;53,09
3,96;15,95;0,00;6,36;5,57;52,84
3,96;15,95;0,00;6,36;5,57;52,69
3,96;16,47;0,00;6,60;5,57;52,85
3,95;15,96;0,00;6,89;5,57;52,85
3,95;15,96;0,00;6,74;5,57;52,72
4,37;15,96;0,00;6,74;5,57;53,64
4,37;15,96;0,00;6,74;5,57;53,64
3,95;16,47;0,00;6,74;5,57;54,15
3,95;15,96;0,00;6,74;5,57;54,58
3,95;15,96;0,00;6,74;5,57;54,99
3,95;16,38;0,00;6,74;5,57;55,41
4,37;15,88;0,00;6,31;5,57;55,41
4,89;15,88;0,00;5,69;5,57;55,41
5,41;15,88;0,00;5,69;5,57;55,71
4,37;16,40;0,00;5,69;5,57;55,19
4,80;16,91;0,00;5,69;5,57;55,62
4,80;16,91;0,00;5,69;5,57;55,62
4,28;16,40;0,00;6,20;5,57;54,99
4,28;16,12;0,00;6,20;5,57;54,99
4,80;15,60;0,00;6,20;5,57;54,99
4,80;15,60;0,00;6,20;5,57;54,99
4,80;15,18;0,00;6,92;5,57;54,48
4,80;15,18;0,00;6,92;5,57;54,48
4,80;15,18;0,00;6,12;5,57;54,78
4,28;15,60;0,00;5,69;4,85;54,78
5,13;16,20;0,00;5,69;4,85;55,60
5,13;16,27;0,00;6,63;4,85;56,12
5,13;16,78;0,00;6,63;4,85;55,25
4,19;15,67;0,00;6,63;5,98;56,21
4,71;16,18;0,00;6,12;5,98;56,21
4,71;15,76;0,00;6,54;5,46;55,28
4,71;15,17;0,00;7,06;5,75;55,28
4,71;15,17;0,00;7,06;5,75;55,28
4,71;15,34;0,00;7,48;5,75;55,28
4,28;15,85;0,00;7,48;5,75;55,28
4,28;15,85;0,00;7,48;5,75;55,28
4,28;15,85;0,00;7,06;5,15;55,28
4,28;15,33;0,60;7,06;5,15;54,76
4,28;15,94;0,60;7,06;5,15;55,37
4,28;15,44;0,60;7,48;5,15;55,45
4,28;15,44;0,00;7,48;5,15;55,45
4,28;15,96;0,00;7,48;5,29;55,88
4,28;15,44;0,51;7,48;5,29;56,16
4,80;15,44;0,51;7,48;5,29;56,16
4,80;15,96;0,51;7,48;5,29;57,16
4,80;15,02;0,51;7,48;5,80;57,67
4,28;16,48;0,51;7,48;5,17;59,05
3,77;16,77;1,03;7,19;5,17;59,05
3,77;17,28;1,03;7,61;5,17;59,14
4,19;17,39;0,51;8,12;5,17;60,19
3,77;16,88;1,03;7,61;5,17;60,19
3,77;16,88;1,03;7,61;5,17;60,48
3,77;17,16;1,03;7,61;4,66;60,12
3,77;16,64;1,03;7,61;4,66;59,60
3,77;16,64;1,03;7,61;4,66;59,60
3,77;15,09;1,03;8,12;5,18;59,60
3,77;15,72;1,03;7,50;5,18;59,60
3,25;17,17;0,51;8,42;5,18;60,52
3,28;17,66;0,51;8,24;5,69;59,80
3,28;18,18;0,51;8,24;5,69;59,80
3,28;19,12;0,51;8,24;5,17;59,38
3,28;19,12;0,51;8,24;5,17;59,38
3,28;19,12;0,51;8,24;5,17;59,38
2,76;19,72;0,51;8,76;5,17;59,38
3,18;19,72;0,51;8,76;5,17;61,13
3,18;19,30;0,51;8,76;5,17;60,71
3,18;19,29;0,51;7,91;5,17;60,71
3,18;19,20;0,51;7,91;5,77;60,71
3,70;19,20;0,51;8,11;5,77;60,71
3,08;17,88;0,51;8,11;6,29;59,79
3,08;17,88;0,51;7,75;6,29;60,41
3,08;18,40;0,51;7,75;5,77;60,71
3,08;18,40;0,51;7,75;5,77;60,71
3,08;19,02;0,51;7,75;5,77;60,71
2,56;19,02;0,51;7,75;5,77;60,71
2,56;18,40;0,51;7,75;5,77;60,71
3,07;18,40;0,51;7,75;5,26;60,71
3,07;19,34;0,51;8,60;5,26;61,56
2,56;20,27;0,51;8,68;5,26;61,56
2,05;21,30;0,51;8,68;5,26;61,56
1,62;21,79;0,51;9,11;5,26;62,06
1,62;21,79;0,51;8,68;4,94;62,57
3,07;21,39;0,51;8,68;4,94;62,88
2,65;21,39;0,51;9,20;5,46;62,46
3,25;21,39;0,51;9,70;5,18;62,46
3,53;21,19;0,51;9,27;5,18;62,88
3,53;21,19;0,51;9,27;5,18;62,46
2,93;20,25;0,51;8,78;5,70;62,46
2,93;20,25;0,51;9,14;5,70;62,16
2,93;20,25;0,51;9,14;5,70;62,97
2,93;20,25;0,51;9,56;5,70;62,97
2,93;20,74;0,51;9,56;5,70;62,46
2,93;20,74;0,51;9,32;5,70;62,97
2,93;21,26;0,51;9,32;5,70;64,32
2,93;22,19;0,51;8,45;5,18;64,84
3,34;22,70;0,51;7,51;5,18;65,27
3,34;22,70;0,51;7,08;5,18;64,99
3,34;23,13;0,51;7,60;5,18;65,90
3,86;25,11;0,51;8,11;5,18;67,74
3,86;25,62;0,51;7,17;5,18;67,32
3,34;25,62;0,51;6,32;5,18;68,29
3,86;26,76;0,51;5,81;5,18;69,43
3,86;27,10;0,51;5,38;5,18;69,67
4,46;27,10;0,51;4,78;5,18;69,43
4,18;27,10;0,51;5,02;4,66;69,43
4,18;27,10;0,51;5,95;4,66;69,43
4,18;27,61;0,51;5,95;4,66;69,43
4,70;27,10;0,51;6,38;4,66;69,57
4,19;26,90;0,51;6,38;4,66;69,79
4,19;26,90;0,51;6,38;4,24;69,31
3,67;26,90;0,51;6,90;4,24;69,31
3,67;27,00;0,51;6,90;4,24;68,89
4,18;27,00;0,51;6,90;4,84;70,74
4,18;27,84;0,51;6,48;4,55;70,74
4,18;27,84;0,51;6,48;4,55;70,74
3,69;27,84;0,51;6,48;4,24;70,26
3,69;27,84;0,51;6,48;4,24;70,26
3,69;27,23;0,51;6,48;3,82;69,65
3,69;26,30;0,51;6,48;4,72;70,14
3,69;25,36;1,03;6,48;4,72;69,71
3,69;24,36;1,51;7,00;4,72;69,20
4,18;25,15;1,51;7,00;4,72;70,65
5,16;23,34;1,51;8,28;3,82;69,38
6,72;22,92;1,51;8,28;3,82;70,00
7,56;22,60;1,51;7,84;2,98;70,43
7,05;22,60;1,51;8,35;2,98;70,43
6,11;23,10;1,51;7,83;4,33;69,38
6,63;23,10;1,51;8,26;3,82;70,14
6,63;22,59;1,51;7,77;4,18;69,72
7,14;22,70;1,00;7,26;4,18;69,72
7,05;22,07;1,00;7,77;4,18;69,44
7,65;21,79;1,00;7,26;4,18;68,43
7,44;21,16;1,00;7,26;4,18;68,74
7,44;21,16;1,00;7,02;4,18;68,31
7,86;21,16;0,51;8,04;4,18;68,74
7,44;21,16;0,51;8,47;4,18;68,74
7,44;20,67;0,51;9,09;3,55;68,74
7,44;20,67;0,51;8,97;2,83;68,31
7,02;20,67;0,51;9,81;2,83;68,74
7,02;20,76;0,51;9,81;2,83;69,25
6,53;20,25;0,51;10,30;2,47;69,68
6,53;19,82;0,51;10,03;2,96;67,60
6,53;19,31;0,51;9,23;3,67;68,52
6,53;18,79;0,51;9,23;3,67;69,04
6,34;18,79;0,51;9,75;3,38;68,52
6,34;18,79;0,51;9,23;3,38;68,22
6,85;17,85;0,51;9,10;3,38;67,80
6,85;17,85;0,51;9,10;3,38;67,37
6,56;18,27;0,51;9,46;2,54;66,95
6,05;20,43;0,51;9,88;2,54;68,39
7,41;20,43;0,51;9,16;2,54;67,79
6,89;20,43;0,51;9,16;2,54;67,36
6,60;21,37;0,51;8,65;2,54;67,69
6,60;21,37;0,00;8,35;3,05;67,69
6,60;21,37;0,00;8,35;3,05;67,69
7,08;21,37;0,00;8,35;3,05;67,69
7,08;21,37;0,00;8,35;3,05;67,39
7,08;20,43;0,00;8,35;3,05;67,30
6,15;19,29;0,00;8,35;3,05;66,80
6,15;18,87;0,00;8,35;3,05;66,80
6,15;18,36;0,00;8,77;3,05;66,80
6,15;18,88;0,00;8,77;3,05;66,73
6,15;18,39;0,00;8,77;3,05;66,73
5,64;18,39;0,00;9,13;3,05;67,51
5,63;18,81;0,00;9,13;3,05;67,94
5,63;19,62;0,00;8,84;3,05;67,94
5,21;19,61;0,00;8,81;2,57;67,44
6,02;18,80;0,00;8,57;2,57;68,14
5,39;19,20;0,00;8,08;2,57;67,23
5,39;19,63;0,00;8,60;2,57;68,31
4,68;19,63;0,00;8,37;3,08;68,38
4,19;19,21;0,00;9,28;3,08;67,86
4,04;20,00;0,00;8,30;3,57;68,68
3,62;19,48;0,00;8,82;3,57;68,39
4,04;18,83;0,00;8,82;3,99;68,68
3,68;18,83;0,00;8,82;3,99;68,19
4,39;18,83;0,00;7,59;3,57;67,19
4,39;19,26;0,00;7,59;3,57;67,19
3,97;18,83;0,00;7,59;3,57;67,19
3,97;18,83;0,00;8,10;4,75;67,19
4,49;18,83;0,00;8,10;4,75;67,19
4,19;18,74;0,00;7,88;5,26;66,57
4,62;18,08;0,00;7,88;6,11;66,85
4,11;17,21;0,00;7,59;6,11;66,25
3,09;17,72;0,00;8,22;6,11;66,25
3,60;17,72;0,00;7,71;5,59;65,73
3,60;17,20;0,00;8,74;5,59;65,65
4,02;16,69;0,00;8,74;6,02;64,80
4,02;16,69;0,00;8,74;6,02;64,71
3,50;16,72;0,00;8,74;6,02;64,71
3,50;16,72;0,00;8,74;6,02;63,87
2,99;17,14;0,00;9,25;5,95;65,20
2,99;17,57;0,00;9,25;5,95;65,56
3,48;18,08;0,00;9,25;5,95;65,56
3,48;18,08;0,00;9,67;5,95;65,23
3,48;18,08;0,00;9,67;5,95;65,21
3,48;18,65;0,00;10,30;5,81;65,64
3,48;18,65;0,00;9,87;6,33;66,00
3,05;19,56;0,00;9,87;6,33;65,57
3,14;19,56;0,00;9,87;6,33;65,15
3,14;19,56;0,00;9,87;6,33;65,57
2,33;20,07;0,00;9,87;6,33;65,57
2,33;20,07;0,00;9,87;6,33;65,09
1,84;20,07;0,00;10,37;6,33;66,06
1,84;19,56;0,00;10,88;6,33;66,44
1,84;20,07;0,00;10,01;6,85;66,86
1,84;20,07;0,00;10,37;6,85;66,86
2,36;19,55;0,00;10,37;6,85;66,86
2,87;19,55;0,00;9,85;6,33;67,19
3,15;19,55;0,00;9,85;5,29;68,64
3,15;20,07;0,00;9,85;6,66;67,73
3,05;20,58;0,00;10,08;6,66;67,44
2,14;21,07;0,00;10,50;6,66;67,86
2,14;21,92;0,00;9,71;6,66;67,86
3,06;23,15;0,00;8,79;6,66;68,46
3,06;23,15;0,00;8,79;6,66;68,04
3,06;23,11;0,00;8,79;6,66;68,67
2,13;23,56;0,00;8,28;6,66;68,67
2,49;23,28;0,00;8,79;6,66;68,39
2,64;22,85;0,00;8,79;6,66;67,54
3,13;22,36;0,00;8,79;6,66;67,54
3,13;21,84;0,00;8,79;6,66;67,54
3,13;21,84;0,00;8,79;6,66;67,54
3,13;21,87;0,00;8,79;6,66;66,95
3,13;22,36;0,00;8,79;6,66;66,95
3,13;21,74;0,00;8,79;6,66;66,65
3,13;21,74;0,00;8,79;6,66;66,23
3,13;21,74;0,00;8,79;6,66;66,23
3,13;21,74;0,00;8,79;6,05;66,23
3,13;20,71;0,00;9,31;6,05;66,74
3,13;20,22;0,00;9,31;6,05;66,74
3,13;20,22;0,00;9,31;6,05;66,74
3,13;20,22;0,00;9,31;6,05;66,22
3,49;21,14;0,00;9,31;6,05;66,38
3,13;21,65;0,00;9,31;6,05;66,74
3,13;22,16;0,00;9,31;6,05;66,74
3,13;22,71;0,00;9,31;6,05;66,74
3,13;22,71;0,00;9,73;6,05;67,67
3,13;22,71;0,00;9,73;6,05;67,67
3,13;22,29;0,00;9,21;6,05;67,16
3,13;22,71;0,00;8,79;6,05;67,16
2,64;23,69;0,00;8,79;6,05;66,23
2,64;24,65;0,00;8,79;4,61;66,23
2,64;25,07;0,00;9,22;4,61;66,65
2,64;24,47;0,00;9,82;4,61;65,78
2,64;24,98;0,00;9,82;4,61;65,45
2,62;25,40;0,00;9,82;4,61;67,13
2,62;25,40;0,00;9,40;4,61;67,13
2,62;24,98;0,00;9,40;4,61;66,29
2,62;23,43;0,00;9,82;4,61;66,62
2,62;23,43;0,00;9,82;4,61;66,20
2,62;23,97;0,00;9,82;4,61;66,10
2,62;23,97;0,00;9,82;4,61;65,75
2,62;23,97;0,00;9,30;4,18;66,23
2,13;24,48;0,00;9,30;4,18;66,75
2,13;24,06;0,00;8,88;4,67;65,90
2,13;24,06;0,00;9,40;4,67;65,39
2,13;22,95;0,00;9,40;4,67;64,80
2,13;22,95;0,00;9,40;4,25;64,28
1,61;23,47;0,00;9,40;4,25;64,25
2,10;23,47;0,00;9,40;3,76;64,25
2,10;23,47;0,00;9,40;3,76;63,83
2,10;23,47;0,00;8,89;3,76;64,10
2,10;22,52;0,00;9,40;3,76;63,68
1,83;21,68;0,00;9,40;3,76;63,40
1,83;21,81;0,00;10,21;3,76;63,31
1,83;21,81;0,00;10,21;3,76;63,31
2,45;23,55;0,00;6,87;3,76;62,79
1,96;24,24;0,51;5,58;3,76;61,78
1,96;24,24;0,51;5,58;3,76;61,88
1,96;24,76;0,51;4,15;3,76;61,88
1,96;25,18;0,51;4,15;3,76;61,97
1,96;25,46;0,51;4,15;3,76;61,77
1,33;25,46;0,51;4,15;4,90;61,77
1,33;25,04;0,51;4,15;4,90;61,67
1,33;25,04;0,51;3,64;4,90;62,55
1,33;24,52;0,51;3,64;5,39;63,04
0,85;24,52;0,51;3,64;5,39;62,92
0,85;24,52;0,51;4,15;5,39;62,92
1,27;24,52;0,51;3,73;5,39;62,92
1,76;24,73;0,51;3,31;2,58;62,91
2,28;23,78;0,51;3,31;3,34;62,91
1,76;23,36;0,00;3,31;3,85;61,98
2,25;23,78;0,00;2,89;3,85;62,07
2,25;23,88;0,00;2,89;3,85;62,07
2,25;24,31;0,00;2,89;3,85;62,07
2,25;24,31;0,00;2,89;3,85;62,07
2,25;24,73;0,00;2,89;3,85;61,71
2,25;24,30;0,00;2,89;3,85;61,47
2,25;24,30;0,00;2,89;3,85;61,47
2,25;24,30;0,00;2,89;3,34;61,71
2,25;24,30;0,00;2,89;3,34;61,71
2,25;23,88;0,00;2,89;2,37;60,74
2,25;24,31;0,00;2,89;1,66;60,45
2,25;24,31;0,00;2,89;1,66;60,45
2,25;24,31;0,00;2,89;1,66;60,45
2,25;24,31;0,00;3,49;1,66;60,45
2,25;24,31;0,00;3,49;1,66;60,45
2,25;23,37;0,00;3,49;1,66;60,45
2,25;22,87;0,00;3,49;1,66;60,45
2,25;22,45;0,00;3,49;1,66;60,16
2,25;23,39;0,00;3,49;1,66;59,64
2,25;24,31;0,00;3,49;1,66;59,22
1,83;25,15;0,00;3,49;1,66;58,71
1,40;25,15;0,00;3,49;2,08;58,71
1,40;24,73;0,00;3,49;2,08;58,71
1,40;24,73;0,00;3,49;1,66;58,80
1,40;24,24;0,00;3,49;1,66;58,38
1,40;24,24;0,00;3,49;2,08;58,38
1,92;24,24;0,00;3,49;2,08;58,38
1,92;24,73;0,00;3,49;2,08;57,86
1,92;24,73;0,00;3,49;2,08;57,86
1,92;24,73;0,00;3,49;2,08;57,16
1,92;24,24;0,00;3,49;2,08;56,64
1,92;24,24;0,00;3,49;2,08;57,16
2,43;24,24;0,00;3,49;2,08;57,50
2,43;24,24;0,00;3,49;2,08;56,98
2,43;20,67;0,00;2,86;2,37;53,20
2,94;17,76;0,00;2,17;4,69;52,52
3,72;16,11;0,00;2,17;5,29;51,86
3,79;15,33;0,00;2,17;5,29;51,44
3,79;14,81;0,00;2,17;5,29;51,44
3,79;14,30;0,00;2,17;5,29;50,92
3,43;14,30;0,00;2,17;5,29;50,92
3,43;13,88;0,00;1,65;5,29;50,41
3,43;13,58;0,00;1,65;5,00;49,30
3,43;13,58;0,00;1,65;5,00;49,21
4,05;12,44;0,00;1,65;5,00;48,70
3,63;12,01;0,00;1,65;5,00;48,27
3,63;11,49;0,00;1,65;4,51;47,78
4,48;11,15;0,00;1,65;4,51;47,78
4,48;10,64;0,00;2,17;4,10;47,36
4,05;10,64;0,00;2,17;4,10;47,37
4,05;10,64;0,00;2,17;4,61;46,95
3,43;11,16;0,00;2,17;5,23;46,32
3,43;10,74;0,00;2,59;5,23;46,32
3,43;9,80;0,00;2,59;5,75;44,97
3,43;8,85;0,00;3,01;5,75;44,11
2,94;8,75;0,00;3,49;5,75;44,11
2,43;9,04;0,00;3,49;5,23;44,41
2,43;8,52;0,00;3,01;5,23;44,41
2,01;8,52;0,00;3,01;5,23;44,44
2,01;8,52;0,00;3,01;5,23;43,89
2,01;8,52;0,00;3,01;5,23;43,79
2,01;9,04;0,00;3,01;5,65;43,70
1,52;9,55;0,00;3,01;5,63;43,70
1,52;9,34;0,00;3,01;5,99;44,00
1,52;8,82;0,00;3,01;5,99;43,15
1,52;9,04;0,00;3,01;5,99;42,01
1,52;9,04;0,00;3,01;5,99;43,06
2,01;9,67;0,00;3,49;5,50;43,06
2,01;10,09;0,00;3,49;5,50;42,55
2,01;10,09;0,00;3,49;5,20;42,26
1,02;10,09;0,00;3,49;4,35;40,35
1,52;9,67;0,00;3,01;4,35;40,91
1,52;9,15;0,00;3,01;4,35;40,91
1,01;9,15;0,00;3,01;4,77;39,25
1,01;9,15;0,00;3,01;4,35;39,25
1,01;9,15;0,00;3,01;3,83;39,25
1,01;9,15;0,00;3,01;3,83;39,25
1,01;9,15;0,00;3,01;3,83;39,25
1,42;8,86;0,00;3,01;3,41;38,11
1,42;7,91;0,00;3,01;3,41;38,54
1,42;7,91;0,00;3,01;3,41;37,76
0,91;7,91;0,00;3,01;3,41;38,18
0,91;7,91;0,00;3,01;3,41;37,54
0,91;7,49;0,00;3,01;3,41;36,70
0,91;7,49;0,00;3,01;3,41;36,99
0,91;7,91;0,00;3,01;3,41;37,42
0,91;7,91;0,00;3,01;3,41;37,42
0,91;7,91;0,00;3,01;3,41;37,42
0,91;7,91;0,00;3,01;3,41;37,41
0,91;7,91;0,00;3,01;3,41;37,41
0,91;7,91;0,00;3,01;3,41;37,41
0,91;7,19;0,00;3,01;3,41;36,65
0,91;7,19;0,00;3,01;3,41;36,28
0,91;7,19;0,00;3,01;3,41;36,80
0,91;7,19;0,00;2,50;3,41;36,28
0,91;7,49;0,00;2,50;3,41;35,44
0,91;7,49;0,00;2,50;2,98;35,01
0,91;6,86;0,00;2,50;2,98;34,38
0,91;7,28;0,00;2,50;2,56;34,38
0,91;7,28;0,00;2,50;2,56;34,80
0,91;7,28;0,00;2,50;2,56;34,80
0,91;7,28;0,00;2,50;2,56;34,38
1,40;7,28;0,00;2,50;2,56;34,08
1,40;7,28;0,00;2,50;2,56;33,57
1,40;7,19;0,00;2,50;2,07;32,99
0,91;7,70;0,00;2,50;2,07;33,50
0,91;7,70;0,00;1,98;2,07;31,84
0,42;7,70;0,00;1,56;2,07;31,35
0,42;7,28;0,00;1,56;2,07;31,65
0,91;7,91;0,00;0,93;2,07;32,14
0,91;7,91;0,00;0,93;2,07;31,37
0,91;7,91;0,00;0,93;2,07;31,29
0,91;7,91;0,00;0,93;2,07;31,29
0,91;6,34;0,00;1,98;2,07;30,35
0,91;6,34;0,00;1,98;2,07;29,84
0,91;6,34;0,00;1,98;2,07;29,75
0,91;6,34;0,00;1,98;2,07;29,03
0,91;6,86;0,00;1,98;2,07;29,75
0,91;6,86;0,00;0,93;1,47;27,67
0,91;6,86;0,00;0,93;1,47;28,09
0,91;6,86;0,00;0,94;1,47;27,80
0,91;6,86;0,00;0,94;1,47;27,29
0,91;6,86;0,00;0,94;1,47;26,86
0,91;6,86;0,00;0,51;1,47;27,29
0,91;6,86;0,00;1,00;1,47;27,29
0,91;6,86;0,00;1,00;1,47;27,29
0,91;6,86;0,00;1,00;1,47;26,77
0,91;6,43;0,00;1,42;1,47;26,77
0,91;6,43;0,00;1,42;1,47;26,77
0,91;6,01;0,00;1,42;1,47;26,35
0,91;6,01;0,00;1,42;1,47;25,84
0,91;6,01;0,00;1,00;1,47;25,75
0,91;5,72;0,00;1,00;1,47;25,75
0,91;5,10;0,00;1,00;1,47;24,41
0,91;5,72;0,00;1,00;1,47;25,46
0,42;5,72;0,00;1,00;1,47;24,83
0,42;5,10;0,00;1,00;1,47;23,85
0,42;5,10;0,00;1,00;1,47;23,85
0,42;5,10;0,00;1,00;1,47;22,91
0,42;4,58;0,00;1,00;1,47;22,40
0,42;4,58;0,49;0,51;1,47;22,82
0,42;4,58;0,49;0,51;1,05;21,77
0,42;4,58;0,49;0,00;1,05;21,60
0,42;4,58;0,49;0,00;1,05;21,17
0,42;4,58;0,49;0,00;1,05;21,17
0,42;4,07;0,49;0,00;1,05;21,09
0,42;4,07;0,49;0,00;1,05;21,09
0,42;4,07;0,49;0,00;1,05;20,66
0,42;4,07;0,49;0,00;1,05;20,15
0,42;4,49;0,49;0,00;1,05;19,81
0,42;4,49;0,49;0,00;1,05;18,81
0,42;4,49;0,49;0,00;0,42;18,61
0,42;4,49;0,49;0,00;0,42;18,61
0,42;4,49;0,49;0,00;0,42;17,89
0,42;4,49;0,49;0,00;0,42;17,89
0,42;4,20;0,49;0,00;0,42;16,88
0,42;4,20;0,49;0,00;0,42;17,30
0,42;4,20;0,49;0,00;0,42;16,88
0,42;3,57;0,49;0,00;0,42;17,30
0,42;3,57;0,49;0,00;0,42;17,30
0,42;2,64;0,49;0,00;0,42;16,37
0,42;2,64;0,49;0,00;0,42;15,86
0,42;2,64;0,49;0,00;0,42;15,86
0,42;2,64;0,49;0,00;0,42;15,86
0,42;2,64;0,00;0,00;0,42;15,37
0,42;2,64;0,00;0,00;0,42;15,37
0,42;2,64;0,00;0,00;0,42;15,37
0,42;2,64;0,00;0,00;0,42;15,37
0,42;2,64;0,00;0,52;0,42;15,37
0,42;2,64;0,00;0,52;0,42;15,37
0,42;2,02;0,00;0,52;0,42;14,75
0,42;2,02;0,00;0,52;0,42;14,75
0,42;2,02;0,00;0,00;0,42;14,75
0,42;2,02;0,00;0,00;0,42;14,88
0,42;2,02;0,00;0,00;0,42;14,75
0,42;2,02;0,00;0,00;0,42;15,17
0,42;2,53;0,00;0,00;0,42;15,17
0,42;2,96;0,00;0,00;0,42;15,60
0,42;2,96;0,00;0,00;0,42;14,45
0,42;2,96;0,00;0,00;0,42;14,45
0,42;2,60;0,00;0,00;0,42;14,09
0,42;2,18;0,00;0,00;0,85;13,67
0,42;2,18;0,00;0,00;0,85;13,67
0,42;2,18;0,00;0,00;0,85;13,67
0,42;2,18;0,00;0,00;0,85;13,67
0,42;2,18;0,00;0,00;0,85;13,67
0,42;2,18;0,00;0,00;0,85;13,67
0,42;2,18;0,00;0,00;0,85;13,67
0,42;2,18;0,00;0,00;0,85;13,67
0,42;2,18;0,00;0,00;0,85;13,67
0,42;2,18;0,00;0,00;0,85;13,67
0,42;2,18;0,00;0,00;0,85;13,67
0,42;2,18;0,00;0,00;0,85;13,67
0,42;2,18;0,00;0,00;0,85;13,67
0,42;2,53;0,00;0,00;0,85;14,03
0,42;2,53;0,00;0,00;0,85;14,03
0,42;2,53;0,00;0,00;0,85;13,52
0,42;2,53;0,00;0,00;0,85;13,52
0,42;2,53;0,00;0,00;0,85;13,52
0,42;3,05;0,00;0,00;0,85;13,52
0,42;3,05;0,00;0,00;0,85;13,52
0,42;3,05;0,00;0,00;0,85;13,52
0,42;2,53;0,00;0,00;0,85;13,52
0,42;2,53;0,00;0,00;0,85;13,52
0,42;2,53;0,00;0,00;0,85;13,52
0,42;2,53;0,00;0,00;0,85;13,52
0,42;2,53;0,00;0,00;0,85;13,52
0,42;2,53;0,00;0,00;0,85;13,28
0,42;2,53;0,00;0,00;0,85;13,28
0,42;2,53;0,00;0,00;0,85;13,28
0,42;2,53;0,00;0,00;0,85;13,79
0,42;2,53;0,00;0,00;0,85;14,30
0,42;2,53;0,00;0,00;0,85;14,30
0,42;2,53;0,00;0,00;0,85;14,30
0,42;2,53;0,00;0,00;0,85;13,28
0,42;2,53;0,00;0,00;0,85;13,28
0,42;2,53;0,00;0,00;0,85;13,28
0,42;2,53;0,00;0,00;0,85;13,28
0,42;2,53;0,00;0,00;0,85;13,28
0,42;2,53;0,00;0,00;0,85;13,28
0,42;2,53;0,00;0,00;0,85;13,28
0,42;2,53;0,00;0,00;0,85;13,28
0,42;2,53;0,00;0,00;0,85;13,28
0,42;2,53;0,00;0,00;0,85;13,28
0,42;2,53;0,00;0,00;0,85;13,00
0,42;2,53;0,00;0,00;0,85;13,00
0,42;2,53;0,00;0,00;0,85;13,00
0,42;2,53;0,00;0,00;0,85;13,00
0,42;2,53;0,00;0,00;0,85;13,00
0,42;2,53;0,00;0,00;0,85;12,58
0,42;2,53;0,00;0,00;0,85;12,58
0,42;2,53;0,00;0,00;0,85;12,58
0,42;2,53;0,00;0,00;0,85;12,06
0,42;2,53;0,00;0,00;0,85;12,06
0,42;2,53;0,00;0,00;0,85;12,06
0,42;2,53;0,00;0,00;0,85;12,06
0,42;2,53;0,00;0,00;0,85;12,06
0,42;2,53;0,00;0,00;0,85;12,06
0,42;2,53;0,00;0,00;0,85;12,06
0,42;2,53;0,00;0,00;0,85;12,06
0,42;2,53;0,00;0,00;0,85;12,06
0,42;2,53;0,00;0,00;0,85;12,06
0,42;2,53;0,00;0,00;0,85;12,06
0,42;2,53;0,00;0,00;0,85;12,06
0,42;2,53;0,00;0,00;0,85;12,06
0,42;2,53;0,00;0,00;0,85;12,06
0,42;2,53;0,00;0,00;0,85;12,06
0,42;2,53;0,00;0,00;0,85;12,06
0,42;2,53;0,00;0,00;0,85;12,06
0,42;2,53;0,00;0,00;0,85;12,06
0,42;2,53;0,00;0,00;0,85;12,06
0,42;2,53;0,00;0,00;0,85;11,64
0,42;2,53;0,00;0,00;0,85;11,64
0,42;2,53;0,00;0,00;0,85;11,64
0,42;2,53;0,00;0,00;0,42;11,22
0,42;2,53;0,00;0,00;0,42;11,22
0,42;2,53;0,00;0,00;0,42;11,22
0,42;2,53;0,00;0,00;0,42;10,20
0,42;2,53;0,00;0,00;0,42;10,80
0,42;2,53;0,00;0,00;0,42;10,80
0,42;2,53;0,00;0,00;0,42;10,80
0,42;2,53;0,00;0,00;0,42;10,80
0,42;2,53;0,00;0,00;0,42;10,80
0,42;2,53;0,00;0,00;0,42;10,80
0,42;2,53;0,00;0,00;0,42;10,80
0,42;2,53;0,00;0,00;0,42;10,20
0,42;2,53;0,00;0,00;0,42;10,80
0,42;2,53;0,00;0,00;0,42;10,80
0,42;2,53;0,00;0,00;0,42;10,80
0,42;2,53;0,00;0,00;0,42;10,28
0,42;2,53;0,00;0,00;0,42;10,28
0,42;2,53;0,00;0,00;0,42;10,28
0,42;2,53;0,00;0,00;0,42;10,28
0,42;2,53;0,00;0,00;0,42;10,28
0,42;2,53;0,00;0,00;0,42;10,28
0,42;2,53;0,00;0,00;0,42;10,28
0,42;2,53;0,00;0,00;0,42;10,28
0,42;2,53;0,00;0,00;0,42;10,28
0,42;2,53;0,00;0,00;0,42;10,28
0,42;2,53;0,00;0,00;0,42;10,28
0,42;2,53;0,00;0,00;0,42;10,28
0,42;2,53;0,00;0,00;0,42;10,28
0,42;2,53;0,00;0,00;0,42;10,28
0,42;2,53;0,00;0,00;0,42;10,28
0,42;2,18;0,00;0,00;0,42;9,93
0,42;2,18;0,00;0,00;0,42;9,93
0,42;2,18;0,00;0,00;0,42;9,93
0,42;2,18;0,00;0,00;0,42;9,93
0,42;2,18;0,00;0,00;0,42;9,93
0,42;2,18;0,00;0,00;0,42;9,93
0,42;2,18;0,00;0,00;0,42;9,93
0,42;2,18;0,00;0,00;0,42;9,93
0,42;2,18;0,00;0,00;0,42;9,93
0,42;2,18;0,00;0,00;0,42;9,93
0,42;2,18;0,00;0,00;0,42;9,93
0,42;2,18;0,00;0,00;0,42;9,93
0,42;1,66;0,00;0,00;0,42;9,93
0,42;1,66;0,00;0,00;0,42;9,93
0,42;1,66;0,00;0,00;0,42;9,93
0,42;1,66;0,00;0,00;0,42;9,93
0,42;1,66;0,00;0,00;0,42;9,93
0,42;1,66;0,00;0,00;0,42;9,93
0,42;1,66;0,00;0,00;0,42;9,93
0,42;1,66;0,00;0,00;0,42;9,93
0,42;1,66;0,00;0,00;0,42;9,93
0,42;1,66;0,00;0,00;0,42;9,93
0,42;1,66;0,00;0,00;0,42;9,93
0,42;1,66;0,00;0,00;0,42;9,93
0,42;2,18;0,00;0,00;0,42;9,93
0,93;2,18;0,00;0,00;0,42;9,93
0,93;2,18;0,00;0,00;0,42;9,93
0,93;1,66;0,00;0,00;0,42;9,93
0,93;1,66;0,00;0,00;0,42;9,93
0,93;1,66;0,00;0,00;0,42;9,93
0,93;1,66;0,00;0,00;0,42;9,93
0,93;1,66;0,00;0,00;0,42;9,93
0,93;1,66;0,00;0,00;0,42;9,93
0,93;1,66;0,00;0,00;0,42;9,93
0,93;1,66;0,00;0,00;0,42;9,93
0,93;1,66;0,00;0,00;0,42;9,50
0,93;1,14;0,00;0,00;0,42;8,98
0,93;1,66;0,00;0,00;0,42;8,98
0,93;1,66;0,00;0,00;0,42;8,98
0,93;1,66;0,00;0,00;0,42;8,98
0,93;1,14;0,00;0,00;0,42;8,98
0,93;1,14;0,00;0,00;0,42;8,46
0,93;1,14;0,00;0,00;0,42;8,46
0,93;1,14;0,00;0,00;0,42;8,46
0,93;1,14;0,00;0,00;0,42;8,46
0,93;1,14;0,00;0,00;0,42;8,46
0,93;1,14;0,00;0,00;0,42;8,46
0,93;1,14;0,00;0,00;0,42;8,12
0,93;1,14;0,00;0,00;0,42;8,46
0,93;1,14;0,00;0,00;0,42;8,46
0,93;1,14;0,00;0,00;0,42;8,17
0,93;1,14;0,00;0,00;0,42;8,17
0,93;1,14;0,00;0,00;0,42;8,17
0,93;1,14;0,00;0,00;0,42;8,17
0,93;1,14;0,00;0,00;0,42;8,17
0,93;1,14;0,00;0,00;0,42;8,17
0,93;1,14;0,00;0,00;0,42;8,17
0,93;1,14;0,00;0,00;0,42;8,17
0,93;1,14;0,00;0,00;0,42;8,17
0,93;1,14;0,00;0,00;0,42;8,17
0,93;1,14;0,00;0,00;0,42;8,17
0,93;1,14;0,00;0,00;0,42;7,75
0,93;1,14;0,00;0,00;0,42;7,75
0,93;1,14;0,00;0,00;0,42;7,24
0,93;1,14;0,00;0,00;0,42;7,24
0,93;1,14;0,00;0,00;0,42;7,24
0,93;1,14;0,00;0,00;0,42;7,24
0,93;1,14;0,00;0,00;0,42;7,24
0,93;1,14;0,00;0,00;0,42;7,24
0,93;1,14;0,00;0,00;0,42;7,24
0,93;1,14;0,00;0,00;0,42;7,24
0,93;1,14;0,00;0,00;0,42;7,24
0,93;1,14;0,00;0,00;0,42;7,24
0,93;1,14;0,00;0,00;0,42;7,24
0,93;1,14;0,00;0,00;0,42;7,24
0,93;1,14;0,00;0,00;0,42;7,24
0,93;1,14;0,00;0,00;0,42;7,24
0,93;1,14;0,00;0,00;0,42;7,24
0,93;1,14;0,00;0,00;0,42;7,24
0,93;1,14;0,00;0,00;0,42;7,24
0,93;1,14;0,00;0,00;0,42;7,24
0,93;1,14;0,00;0,00;0,42;7,24
0,93;1,14;0,00;0,00;0,42;7,24
0,93;1,14;0,00;0,00;0,42;7,24
0,93;1,14;0,00;0,00;0,42;7,24
0,93;1,14;0,00;0,00;0,42;7,24
0,93;1,14;0,00;0,00;0,42;7,24
0,93;1,14;0,00;0,00;0,42;7,24
0,42;1,14;0,00;0,00;0,42;7,24
0,42;1,14;0,00;0,00;0,42;7,24
0,93;1,14;0,00;0,00;0,42;7,24
0,93;1,14;0,00;0,00;0,42;6,61
0,42;1,14;0,00;0,00;0,42;7,24
0,42;1,14;0,00;0,00;0,42;7,24
0,42;1,14;0,00;0,00;0,42;7,24
0,93;1,14;0,00;0,00;0,42;7,24
0,93;1,14;0,00;0,00;0,42;7,24
0,93;1,14;0,00;0,00;0,42;7,24
0,93;1,14;0,00;0,00;0,42;7,24
0,93;1,14;0,00;0,00;0,42;7,66
0,42;1,56;0,00;0,00;0,42;8,08
0,42;1,05;0,00;0,00;0,42;7,57
0,42;1,05;0,00;0,00;0,42;7,57
0,42;1,05;0,00;0,00;0,00;7,14
0,93;1,47;0,00;0,00;0,00;7,14
0,93;1,47;0,00;0,00;0,00;7,14
0,42;1,47;0,00;0,00;0,00;6,80
0,42;1,47;0,00;0,00;0,00;6,80
0,42;1,47;0,00;0,00;0,00;6,80
0,42;1,47;0,00;0,00;0,00;6,80
0,93;1,47;0,00;0,00;0,00;6,80
0,93;1,47;0,00;0,00;0,00;6,80
0,93;1,05;0,00;0,00;0,00;6,80
0,93;1,05;0,00;0,00;0,42;6,80
0,93;1,05;0,00;0,00;0,42;6,80
0,93;1,05;0,00;0,00;0,42;6,80
0,93;1,56;0,00;0,00;0,42;7,07
0,93;1,56;0,00;0,00;0,42;7,31
0,93;1,56;0,00;0,00;0,42;7,31
0,93;1,56;0,00;0,00;0,42;7,31
0,93;1,56;0,00;0,00;0,42;7,31
0,93;1,56;0,00;0,00;0,42;7,31
0,93;1,85;0,00;0,00;0,42;7,61
0,93;1,85;0,00;0,00;0,42;7,88
0,93;1,85;0,00;0,00;0,42;8,12
0,93;1,85;0,00;0,00;0,42;7,88
0,93;1,85;0,00;0,00;0,42;7,88
0,93;2,37;0,00;0,00;0,42;7,88
0,93;2,37;0,00;0,00;0,42;7,88
0,93;2,71;0,00;0,00;0,42;7,88
0,93;2,19;0,00;0,00;0,42;7,88
0,93;2,19;0,00;0,00;0,42;7,36
0,93;2,19;0,00;0,00;0,42;7,36
0,93;2,19;0,00;0,00;0,42;7,36
0,93;2,19;0,00;0,00;0,42;7,36
0,93;2,71;0,00;0,00;0,42;7,88
0,93;3,00;0,00;0,62;0,42;8,80
0,93;3,00;0,00;0,62;0,42;8,80
0,93;3,00;0,00;0,62;0,42;8,80
0,42;3,00;0,00;0,62;0,42;8,80
0,42;3,00;0,00;0,62;0,42;8,80
0,42;3,00;0,00;0,62;0,42;8,80
0,42;3,00;0,00;0,62;0,42;8,80
0,42;3,00;0,00;0,62;0,42;8,80
0,42;3,00;0,00;0,62;0,42;8,80
0,42;3,00;0,00;0,62;0,42;8,80
0,42;3,00;0,00;0,62;0,42;8,80
0,42;3,00;0,00;0,62;0,42;8,80
0,42;3,00;0,00;0,62;0,42;8,80
0,42;3,00;0,00;0,62;0,42;8,80
0,42;3,00;0,00;0,62;0,42;8,80
0,42;3,00;0,00;0,62;0,42;8,80
0,42;3,00;0,00;0,62;0,42;8,80
0,42;3,00;0,00;0,62;0,42;9,22
0,42;3,00;0,00;0,62;0,42;9,22
0,42;3,00;0,00;0,62;0,42;9,22
0,42;2,71;0,00;0,62;0,42;8,93
0,42;2,71;0,00;0,62;0,42;8,93
0,42;3,13;0,00;0,62;0,42;8,93
0,42;3,13;0,00;0,62;0,42;8,93
0,42;3,13;0,00;0,62;0,42;8,93
0,42;2,71;0,00;0,62;0,42;8,93
0,42;2,71;0,00;0,62;0,42;8,93
0,42;2,71;0,00;0,62;0,42;8,93
0,42;2,71;0,00;0,62;0,42;8,93
0,42;2,71;0,00;0,62;0,42;8,93
0,42;2,71;0,00;0,62;0,42;8,93
0,42;3,13;0,00;0,62;0,42;8,93
0,42;3,13;0,00;0,62;0,42;8,93
0,42;3,63;0,00;0,62;0,66;9,17
0,42;3,63;0,00;0,62;0,66;9,68
0,42;3,63;0,00;0,62;0,66;9,68
0,42;3,22;0,00;0,62;1,15;10,49
0,42;3,85;0,00;0,62;1,15;11,11
0,42;3,85;0,00;0,62;1,15;11,11
0,42;3,85;0,00;0,62;1,15;11,11
0,42;4,09;0,00;0,62;0,91;11,11
0,42;4,09;0,00;0,62;0,91;11,11
0,42;4,09;0,00;0,62;0,49;10,69
0,42;4,09;0,00;1,14;0,49;10,69
0,42;4,09;0,00;1,14;1,54;11,74
0,42;3,66;0,00;1,14;1,54;11,74
0,42;4,09;0,00;1,14;1,54;11,74
0,42;3,57;0,00;1,14;1,54;11,65

